1000 1000
508 777
896 508
923 896
34 923
484 896
86 777
751 508
355 34
524 34
185 751
810 508
419 185
616 923
683 34
502 419
761 86
50 616
733 923
337 50
451 751
791 451
351 34
468 355
623 34
477 896
615 508
555 484
366 477
771 524
631 337
941 468
798 733
497 366
925 751
370 771
597 337
721 477
54 50
427 798
57 925
265 941
773 366
186 484
467 54
790 896
175 555
151 451
742 54
114 761
429 508
966 484
19 683
190 186
415 190
590 597
667 721
764 508
222 742
587 186
582 19
300 50
639 597
387 896
365 351
880 582
335 667
17 370
203 468
2 590
39 639
291 810
494 582
248 467
507 19
897 773
714 265
892 616
77 451
912 773
793 19
509 387
178 597
843 966
201 39
766 34
910 222
294 810
539 57
25 798
695 265
211 683
425 966
529 880
35 777
929 201
399 2
608 587
299 19
849 86
669 623
283 335
940 175
945 912
607 399
960 387
935 793
732 667
288 608
528 86
808 615
230 925
437 39
29 761
375 597
820 667
317 437
561 25
242 639
150 502
517 923
418 793
661 892
199 940
586 631
326 695
824 451
703 427
950 923
516 607
865 468
837 764
878 771
360 242
595 631
789 427
189 703
67 507
356 865
800 2
903 935
921 199
943 517
331 639
728 317
397 921
464 721
394 299
312 742
681 865
745 925
922 50
462 39
523 935
632 294
491 516
196 203
257 777
694 494
741 714
578 745
158 312
613 326
393 54
970 375
689 67
362 199
817 539
402 766
93 921
918 800
490 399
452 317
252 178
654 742
770 300
671 464
130 299
638 587
992 960
343 810
309 509
137 418
89 343
328 608
476 299
982 93
851 362
893 54
376 824
179 524
27 798
350 950
500 922
475 201
618 477
698 437
51 477
212 595
382 317
884 923
174 328
148 597
420 607
962 817
149 427
976 337
80 517
776 884
303 17
996 910
526 741
775 130
232 283
626 362
801 451
562 201
510 452
841 189
495 608
120 509
478 578
145 89
30 475
911 586
122 30
606 356
62 524
872 694
573 50
6 582
927 158
640 770
440 248
730 222
194 27
753 468
627 230
572 477
18 475
743 613
915 343
511 30
574 477
139 29
192 773
5 130
444 714
21 927
214 751
65 810
412 843
302 420
334 683
193 897
665 211
263 27
648 120
811 507
233 326
796 996
682 425
805 294
483 25
361 57
839 618
237 199
628 193
958 248
583 242
273 753
202 865
14 194
428 865
240 34
85 572
533 394
173 793
290 721
486 606
330 671
684 523
319 510
455 950
250 440
847 632
280 283
456 698
902 444
762 415
548 418
181 618
558 89
629 922
424 922
844 810
11 148
200 903
426 34
535 762
32 477
580 193
405 464
278 561
445 343
772 437
373 608
723 950
401 39
79 114
538 451
576 694
549 122
711 50
42 11
886 982
633 17
859 175
140 922
386 817
457 775
933 25
814 940
141 17
625 533
321 851
709 202
458 263
874 800
327 201
127 837
133 5
818 922
398 252
916 222
994 18
416 54
596 494
259 820
314 420
410 847
163 851
305 175
287 148
645 751
636 789
354 240
69 387
679 640
834 893
936 645
680 645
720 595
238 535
266 618
91 709
836 179
863 590
55 636
658 150
944 915
407 419
381 859
125 456
492 817
803 549
901 29
431 133
946 798
704 321
295 627
879 55
213 632
919 818
38 303
861 587
899 291
126 468
24 337
840 491
977 302
102 587
116 114
436 517
951 85
121 2
385 212
48 640
172 376
318 287
325 977
881 836
264 533
146 626
44 32
505 977
87 213
377 912
531 775
985 994
852 429
346 65
404 886
227 776
988 331
165 761
336 238
601 376
917 230
473 62
448 62
108 517
857 476
156 429
459 680
281 893
208 290
155 127
588 89
758 941
986 420
384 921
802 608
649 639
807 384
537 640
504 175
738 314
560 288
545 874
357 458
207 772
889 185
612 477
712 404
532 918
260 586
154 365
853 404
64 762
435 960
340 370
514 807
749 881
488 455
525 935
894 32
953 808
187 208
674 525
344 150
378 402
904 87
369 897
569 227
276 772
691 508
267 921
783 64
938 507
534 335
23 533
543 950
98 917
296 25
461 667
198 259
708 749
262 616
311 17
980 751
161 89
403 988
540 227
177 418
727 580
794 689
819 355
779 25
757 789
298 615
92 365
930 840
450 801
646 583
15 222
481 102
997 798
869 574
432 573
696 531
503 476
261 805
329 278
180 590
565 927
396 648
496 29
36 646
443 42
928 351
660 213
637 346
99 461
338 749
13 596
685 237
117 632
447 730
408 327
816 329
313 502
359 639
472 696
205 108
228 260
482 808
40 637
392 569
111 897
833 178
813 327
963 922
422 17
341 516
184 684
998 818
423 325
182 580
905 296
862 40
650 435
746 283
701 561
106 120
920 435
652 543
367 440
620 649
906 69
316 296
43 917
131 537
441 608
152 457
589 154
37 457
153 682
677 436
961 196
602 15
438 203
453 529
786 294
269 929
134 514
342 299
804 102
46 360
284 300
653 596
949 326
53 986
822 381
780 612
978 19
600 424
209 386
352 944
216 935
289 111
279 510
954 694
821 329
110 573
119 808
942 55
138 216
107 899
307 561
973 847
9 927
823 64
310 110
557 289
744 615
635 428
292 771
379 328
890 486
630 633
358 69
713 658
621 86
519 476
663 464
551 307
76 448
103 291
577 397
858 941
10 529
75 441
952 120
469 121
308 545
135 296
860 834
885 158
245 24
642 386
210 818
268 9
871 642
536 910
579 190
846 741
969 158
84 429
41 843
609 290
593 369
854 712
584 496
123 593
414 904
241 807
724 486
610 120
767 341
191 317
83 238
521 435
877 29
806 548
784 860
515 36
489 906
848 886
673 175
59 122
322 988
692 871
556 667
594 751
838 303
223 401
304 562
717 903
159 682
499 11
570 994
898 661
293 751
466 408
989 435
400 992
3 878
887 318
169 589
726 194
870 359
219 954
493 381
716 248
752 336
171 186
243 894
981 337
16 980
554 912
668 457
52 890
990 64
564 292
454 459
78 989
256 738
913 11
718 561
188 459
830 791
144 818
967 770
815 521
706 161
924 295
255 695
112 953
348 288
413 214
63 894
101 952
662 448
670 652
690 793
56 165
479 859
421 69
756 606
363 163
442 452
675 77
947 963
97 717
195 317
417 441
710 963
249 212
485 863
591 658
585 726
136 922
754 915
220 960
768 681
686 805
286 148
244 130
527 846
729 196
339 668
873 892
70 309
875 556
61 13
647 727
725 138
73 621
8 938
968 479
735 107
236 887
568 499
603 673
22 127
347 692
828 141
231 632
254 344
124 2
463 298
530 904
449 223
832 538
972 684
688 308
845 764
320 944
731 111
206 897
707 859
939 403
785 543
867 54
434 222
622 126
541 629
856 77
170 726
563 425
487 767
676 885
132 111
129 146
546 540
71 519
498 209
750 622
88 773
934 534
866 744
247 243
60 350
246 327
315 41
372 997
809 472
20 632
501 387
332 23
614 960
1 680
544 735
553 910
166 482
799 870
383 671
835 57
974 334
895 875
797 187
1000 674
306 652
641 920
109 123
520 613
183 213
781 102
513 762
931 87
737 588
740 306
4 354
909 690
162 268
446 190
932 223
999 219
956 305
657 17
788 596
900 399
769 279
937 670
699 505
118 548
739 811
831 463
12 52
567 969
258 523
542 163
480 843
964 551
391 718
395 728
66 55
611 859
957 668
697 768
812 913
959 346
643 878
157 245
113 61
49 910
774 859
94 954
506 121
522 887
142 657
882 416
926 959
409 865
598 924
439 527
599 622
765 442
270 906
552 929
975 870
763 924
253 612
993 833
272 295
147 733
470 879
659 633
406 328
512 495
672 834
218 553
323 496
736 698
581 927
217 903
68 694
275 912
411 405
324 736
825 932
983 945
842 111
235 974
58 453
795 272
787 622
864 906
333 54
702 256
225 645
571 553
705 521
656 595
277 210
389 121
474 257
168 362
995 476
747 975
547 485
176 974
908 673
624 611
74 93
664 231
700 187
971 467
274 986
687 919
215 101
364 347
380 574
167 569
374 414
855 181
651 934
465 71
955 740
948 938
104 18
888 37
979 139
876 633
82 611
297 4
792 298
234 272
678 212
47 899
72 670
722 557
197 378
592 403
371 383
883 902
907 520
634 881
644 205
850 316
301 560
566 689
81 49
388 962
128 567
550 41
471 921
748 908
45 263
827 190
271 400
619 261
353 74
868 977
368 209
100 960
390 73
95 217
991 182
345 825
782 703
221 181
160 766
965 614
349 970
984 486
715 534
164 907
826 184
778 745
7 552
891 953
829 529
285 566
604 62
460 49
226 23
430 374
987 863
719 221
666 555
734 807
204 415
575 165
28 205
617 116
518 915
239 505
224 843
96 436
31 573
33 366
433 709
605 160
90 283
559 406
914 735
759 752
693 287
105 657
755 681
143 903
229 427
251 629
282 45
760 270
26 450
115 136
655 975
1 500
