1000 999
887 265
358 265
137 358
368 137
573 137
710 368
188 573
303 887
817 137
759 188
824 817
52 710
367 188
478 710
435 265
381 303
306 435
514 759
656 137
831 573
71 381
880 381
233 478
82 478
999 358
730 358
116 880
7 478
447 478
106 188
356 710
38 710
120 116
851 367
664 265
789 188
991 265
586 991
545 730
780 106
704 306
945 573
694 514
338 188
847 824
518 435
791 780
597 694
275 664
764 137
371 991
629 573
476 71
878 694
864 710
190 759
16 764
209 303
128 831
378 664
268 656
927 209
695 120
799 233
530 597
820 447
909 789
296 268
437 268
397 789
354 597
773 518
811 38
364 789
914 730
857 597
57 847
975 190
840 695
863 773
162 851
431 759
292 275
892 358
290 128
124 303
2 38
272 824
130 358
818 892
725 265
301 710
345 290
777 437
207 710
225 447
87 381
928 358
73 356
319 530
964 710
877 909
24 296
146 120
402 190
263 964
535 292
688 435
45 964
60 863
104 2
618 597
911 476
617 518
962 730
350 478
528 319
193 618
833 799
832 478
269 880
322 694
140 914
578 545
606 694
979 128
197 789
352 710
532 791
480 914
407 45
980 478
554 367
161 269
718 207
167 292
732 345
499 831
433 730
792 24
108 811
603 87
37 629
917 817
308 478
898 911
333 725
503 447
565 37
716 791
111 2
850 57
342 824
810 272
65 82
570 263
960 73
451 303
905 120
416 831
357 167
802 530
643 791
815 116
579 759
144 811
651 431
298 718
285 603
745 791
563 759
821 367
310 352
135 847
485 603
492 831
97 485
223 451
772 656
288 124
769 478
690 857
534 704
600 124
428 209
250 570
925 7
351 263
844 694
585 499
742 570
215 161
621 925
660 892
260 945
347 695
211 535
145 759
620 759
196 772
735 991
662 492
50 651
317 65
970 880
639 499
21 503
611 718
186 585
771 528
420 104
155 21
728 563
836 772
644 87
560 190
987 298
762 979
479 433
440 263
647 197
691 73
886 759
907 209
348 317
788 190
625 348
3 960
254 433
325 435
607 275
593 45
454 518
444 197
692 962
141 528
194 207
242 97
926 260
340 639
174 530
894 732
465 71
919 704
715 704
14 847
329 215
404 242
294 620
973 833
192 296
202 606
464 135
455 190
572 3
512 611
315 660
574 695
238 479
557 518
114 480
147 433
822 135
53 144
286 822
778 87
930 907
138 810
77 864
33 514
562 926
628 16
459 285
408 196
984 688
619 104
230 745
113 716
922 534
900 451
702 322
232 499
5 52
346 565
871 735
879 945
861 850
101 898
755 145
214 285
370 146
509 214
949 762
757 408
20 290
576 773
1 37
390 987
151 919
426 857
477 301
388 532
658 810
64 233
830 644
858 975
852 476
992 478
897 725
133 762
136 773
633 991
40 367
468 342
353 639
62 319
9 325
547 225
456 593
555 45
335 718
781 777
375 852
520 651
199 367
883 651
903 290
107 628
445 887
98 65
449 186
889 215
659 290
48 340
655 905
324 167
1000 214
719 659
203 704
373 7
933 518
81 350
262 335
679 832
783 664
942 116
466 691
698 113
837 375
44 864
538 664
803 625
280 822
418 926
6 193
613 106
105 64
931 2
453 857
117 9
519 780
521 791
948 554
736 887
912 390
751 128
787 840
584 2
267 772
462 520
722 269
339 250
798 133
343 518
406 911
550 371
795 402
495 128
99 864
47 547
11 942
870 495
826 576
653 364
996 476
221 335
491 519
72 621
813 909
274 174
457 570
522 45
891 161
216 464
902 141
595 824
474 428
26 197
241 574
30 5
649 810
529 907
295 628
168 136
500 453
494 120
674 611
661 241
939 788
349 145
622 351
729 128
103 912
642 454
377 161
386 735
488 555
686 65
204 651
142 459
473 755
460 280
965 431
365 664
121 130
568 722
876 718
175 294
869 426
210 107
809 210
944 209
754 342
865 82
400 358
982 353
493 532
282 771
663 375
328 194
797 400
906 296
779 377
314 99
51 447
989 905
118 572
955 639
515 238
359 397
305 111
36 38
516 142
765 167
951 204
344 310
959 33
384 111
839 522
270 653
854 557
608 754
935 11
969 48
4 186
920 254
997 121
590 783
439 451
134 880
941 557
489 459
615 353
58 322
733 167
501 192
705 779
119 402
164 97
472 898
419 607
517 695
79 268
441 77
235 286
244 357
954 887
149 949
676 562
761 128
12 402
983 644
947 954
76 735
774 3
392 517
320 833
630 989
401 373
599 175
467 354
246 33
552 930
180 942
849 325
213 308
794 79
261 286
717 495
785 590
749 663
224 82
490 597
258 755
218 447
866 970
588 274
940 310
70 5
966 620
86 267
307 401
921 573
78 460
249 902
374 593
767 329
206 36
93 124
541 935
362 374
115 830
953 603
640 388
549 864
913 922
8 437
670 324
176 945
152 552
641 948
132 595
179 340
967 898
845 810
276 97
806 406
84 406
634 515
669 854
229 276
537 970
251 261
596 8
819 717
498 925
559 751
577 134
700 762
212 498
297 162
665 992
524 931
533 104
689 869
875 119
205 296
756 356
981 186
994 213
589 103
696 441
952 305
805 545
35 864
277 844
398 335
442 503
463 377
648 365
978 886
89 522
652 136
94 826
564 390
855 789
668 822
868 343
963 798
49 186
645 921
575 755
580 831
701 883
91 145
432 640
507 664
667 520
22 805
814 660
304 319
63 886
208 44
39 447
227 606
430 560
856 997
425 8
612 22
714 254
383 12
13 223
823 335
915 670
415 495
160 39
313 580
712 532
790 837
681 8
95 11
293 576
713 686
300 886
257 966
775 953
957 188
893 656
841 8
937 133
536 107
650 686
932 377
252 4
166 354
587 22
279 906
901 850
632 320
259 935
956 149
414 38
543 676
484 710
173 204
355 211
281 254
760 698
853 512
846 197
657 629
812 303
434 22
54 468
200 871
874 837
332 694
321 407
776 173
323 799
896 479
67 298
92 593
163 269
271 755
178 611
469 911
165 20
360 586
682 898
380 701
748 140
872 948
184 625
525 749
382 564
946 24
971 47
558 14
69 381
399 772
312 108
109 520
318 836
18 725
976 419
675 633
90 325
497 896
848 735
829 802
379 69
195 893
42 469
551 775
582 906
825 93
502 224
189 323
784 447
601 33
336 344
540 538
46 898
191 3
396 640
747 689
539 209
571 398
25 919
766 996
801 965
240 383
720 729
743 802
544 98
605 774
895 128
737 846
153 999
411 39
527 114
631 474
170 365
228 261
17 783
438 469
177 265
594 779
376 640
331 76
511 957
423 953
201 688
646 648
28 146
548 822
796 398
958 453
626 60
56 229
385 250
583 631
483 355
508 230
253 285
786 39
299 897
486 167
929 658
496 508
239 928
838 976
609 597
482 578
513 381
100 715
245 396
709 886
504 583
413 433
311 51
427 926
961 142
637 453
899 290
724 621
126 787
998 111
627 634
842 754
266 106
156 876
990 498
316 836
409 630
885 189
835 292
361 894
711 259
610 174
890 490
523 30
43 544
74 875
904 449
422 457
182 109
666 261
531 114
526 98
157 953
654 415
158 748
726 298
604 151
938 892
31 696
363 880
278 152
366 97
403 45
510 755
793 825
834 194
198 144
731 522
758 818
614 954
458 657
122 367
739 789
693 917
394 119
234 14
125 484
337 869
505 54
974 65
843 480
581 545
561 926
243 651
66 440
247 324
683 370
481 350
185 747
934 826
32 682
219 991
169 333
566 557
220 286
83 692
950 579
452 184
882 580
302 472
807 62
389 929
638 328
828 643
334 976
721 725
387 538
988 84
255 788
703 293
217 202
556 224
283 366
685 797
85 442
461 46
808 269
421 720
740 76
697 299
471 460
752 302
372 538
448 367
226 386
248 194
943 874
616 398
429 458
542 637
624 928
908 71
768 724
727 539
672 529
424 500
131 649
723 622
677 105
112 589
859 220
770 654
986 408
699 625
884 869
738 445
41 790
734 78
68 379
827 224
143 474
181 333
330 524
475 323
968 290
15 346
29 184
553 558
287 762
763 156
546 398
436 839
412 712
746 130
470 134
80 488
139 470
88 550
916 998
236 691
405 682
881 432
506 302
673 524
680 389
23 184
417 137
96 756
684 514
110 844
150 523
410 41
309 769
59 733
867 33
816 381
910 511
446 468
187 378
993 740
623 555
27 510
635 819
231 540
326 928
273 802
55 518
183 428
923 263
706 255
148 9
995 74
102 277
127 324
977 390
687 599
569 775
129 793
487 687
985 719
369 911
744 580
75 830
222 570
753 648
862 944
289 408
888 963
443 496
34 846
602 970
804 187
123 917
61 456
598 420
636 766
708 447
671 893
264 365
172 119
327 8
741 570
154 366
159 12
972 834
450 635
19 610
860 431
678 809
256 795
800 655
10 487
591 17
782 98
750 471
873 306
393 285
284 892
567 54
291 829
707 126
918 109
592 678
395 434
936 592
924 556
171 382
237 672
341 100
391 448
