100 100
1001001000111001000011011111100010110000111101010011010110011100111101011010111100101100101101111010
1101001100110010001110101001101100010111111101100000111000101010100000001000100001001000010010101011
0100111011001010110001011100001111110110011101001011110111010000011111011100001001001100100001010000
1000001001110011010110110000010110100000110010000100010010010101001111001110010111011010101101110110
0000010001101001101101011011000100001111000111000110101101010011011101000001000010000100000101111100
1001000100000100111111100000000100101111010100110010111110100100101101000100010111011011010000011000
1100000110001111010110001111001100011101001000111011010101101100111011000001011100111111100000100110
0000010011001010011000110010000100000000000111001111101110011100111110011110100110010011100100100111
1000111100001010100011011100010101010010111110101110001101011001011011101101000101110011001111110100
0011111000001110110000100010100000100111001011101000010000101010010111000100100111110101010101001100
0010001100001011000001011101100111110000101000101001111100110110110011100101110010101101000100111101
1100100011001010100101101101101001101011001000000001010110001110110000111111101000011111001010111000
1111011001101101111110001101101100110110000110101110111111000111011111100111010001111010011111011101
0100111011011111100001001000010111111111111011111000011111110111110010110010000011100101101101110110
1110000001101000001010110011110111101101100110010101100001000011011100010101001011100111011100110001
0001110111110101111111011110101101100010001001111110101101000010000101010101110010110111010001111110
1100101010101101100111010101000000100101110001010001100100101011000000010010100110100110000001111100
1110001010001011110100110111001100011110101100101010100101001111101001110111000010111001001011110000
0100001110101111011000100011100011001010101101011111010101001000111000101110001111101100000011011111
1110100111111101110100101100110011110101101001100010100001000101000101011111011000111000110010111100
1010101011110010010101011001101010000111011010001100010110010000010010011101111111100100000000011010
1110000110100101010101011000000101011101111000111000000011000001001100110000001100011110100101101111
0110101011110000101110110011001011001011110110001010011000011110111111100000011110001101001001100101
1110111010111111011011001011010001001101010110101001111001111001110100100100111001110000000001011010
1000001010011000010100000001111101000011100010010000110110010110111110001111011000000100010110100100
0111100111011100100010111111110010101110011010011111011011011000100100001010001011010110101000100000
1000010100100110001011010000101100011101101100111100110100100101111000011010111000110100111010100011
1000111011001110111111101101010000001101000011110011000001100000110001000101110100100011001101001101
1010010100011011111011010001010101101100111100000101111011011100101001101011100000101111011100011111
1011011001110111001001101001110000110010001000000000110101011011001101010111111001011000111101010010
1111000011110000110111110100110000000010011110001100001100101111011101110011101101110010110101101101
0011011010100010001010001011001100111101011100100000001011101100001011100111100110101111110100111100
1101111010001010111100000010010100000011110111010100101011000101110111001001100100011110011110001111
1001011111110011111001111010011100111101000001010111001000111100011011111010110111111111110110110011
0000000100000100001110101010101100011001001111001110111110000011100101111001110011000100010010101100
0000010001101001000101000111001111111000100001110100000000110000110000000101111011011110101010111011
0101110000001100001000100101101110100000101011010010100111010001001001011010111000011100011111111010
0110010100011000011011101111100101101011010000011110101110001010011110011011000011111000100001110101
1000001010001011110001110011111111000011000011100011010111100110100010101000100101110110101100000000
1101000111100000000111001001101111110100010110100000011100100100111000010000001001011011010100101001
0111101010001001001011111101010010011010101011000000101101111011111100000011110111010111001000010101
1011101101100010000101101010100101110001011011010111010100111101010111100110010110010000111001000100
0000001101000111001111000000110101001111010001101100001011101011100010000110000101100001111011110010
0010101001011111111010100000010111010111001010101110110001101001111111100110111100011010110110000001
1010111011001111100000011010101110110110000011011100000100010111001000101011111100101100100110001010
0011011100110001011101100110000100000011000010011000000101111001100001111011111000100111110010101000
0000110111010001111011010101101010111000010000011111010110100111010011100111011001010101110101111011
0011011000011000011110100100111111111100101001011110110000000000000110100110101100100000001000011100
1100000101001100010000111101110010010010001101100111000110011111110000101000001110101101101001010111
0001110111101010110111111011110001110000111111101110111100010001101000100110000101001000101111110011
1011101100101010010010010001100010011000110100100011110000000111101110100111001010110111101001010110
0110011011100000011000011110000111101011010001101100010111101100000101011111111000110110000100000001
0001100100100101011110000111000000000001100100110010100100011101010100101101011101111001010011110010
0011101000100000001010011101100001111110011001110011101000001011010001110000110010110000001110000001
0010010100000110010101111000001101000101101100000000010111010111011011101010101010101101111011111000
0110111110100111000011010101100100100100010111010100111110001101010010111100101100010000100111100100
1100001000010001100101010101000100011111111010110101011001010100010001001100000001110000011010011001
0100111000101000110110110101001011010100010111100001010101111111101010110111000101011011010010010100
0101001000011001101011001110000001101010011101011011100111000001010110101011110001111101011110010110
0000100000101010000010011000011111111100111110000000011100101011100001111111011010110010010000000011
0110110101010001011011101101011101110011100110101110011010100100101000110010010111111010100100110010
1011010000100100111000111111011101000001011100110001000111101110110101110111111011101100010011011011
0001110010010110001010000000110110011111110001011010100011001000111010101100101101001000110101100100
1000111010101001111001101000101111110111101110101111000111111111000101101111010111010111100001101110
0010001010010100111000001100010000111001001101001100101000011000011111011001111101101000001011111100
0000111101100111010001011010000010111111100100101000100011100000000110100100000011010010000011110110
1011110111001100000100100111011011010110010000111000000110110110111011101010101101111111111101000000
0100100011000110010001110111001100000100110000100100001101100110001110010000110000010100111010101101
1000001100010101100001001011000001010011001011000111000010110100101110000001011011010111000010111110
0100101101111111110111011100101001011101011101001110010100010000101011011000000101100100100010000010
1010110101010000101001110010010111010110111111011010000110001011101110101111011010001000010010110000
1101110100000100111000000011001101111111110101101111011011001011001011000101100111100100111001101000
1010000110001111011011001010100100001101101100010100111100100111011100011101011110011101001101001010
0110110001111100110111110011001001001000110101001000110110011101011011101011111100100111110011010011
0101011100111110110010110100100101000010100001000101001010000000110001011001000110111111111111111101
1100011101000111010100111011101011110100000101100000101001101101101101110010001000001001011011000111
0011001011101011000100001110111100110000000000111111101000010011110011101011001100011100001001001011
0011100001100000101000111000001100101110011110111001110011010001000000001111011100011111101010101110
1001001000011100100100100001101111011101101011000011101010110011011111100011011100000001010010001011
1110101011100011011111110110101001101000011111000010110010111111100111101001100001100111000111001011
0100011110001111001011111011010000011101101011001101011110100000110111110001111011101010110100000011
1010111101010010010010101001100101010010110101000111101111111101001001110100011101111010101011101001
0001100000000011101010000010110011000110110100001001110110011001000111000001011110100010011000111001
0100011010000011110111100001101111101010101010110101100001000111011101101101001111000001000111110000
0001100100010010100011011001100101100100000010000000001111100101001001101111100110100110001010011001
0000011010010101011100110101110110111111011110110011001101110100000101001010001100101011010100100011
1110000111001011000010001000010001110111111001101001111011010111100000111001100111001011111010111000
0010101110101111010001010010011000010011100001010000100101001111000110111011101010011111010110111000
1001111000111101010001011101011000101011011100111111101001101001101001110101010000101000100011001011
1001100101100011101010101101100001001101100011000110101001111001101101001111000000010101100111010101
0101010000011011111101000000101110111101100111111010101001001111111111110110111010000000100110110101
1101001001101010101100010111110101001111100000011111001000110011001000011111101110111000100100001000
0001011010000101011010000100111111111111110101011110110111111101000110010001010110110000010000011111
0100001110011110010111000001100111011000011001011111110010100011101111011110000101000011011000100000
1101011000111001001001100100101111010000011110011100110010100011011110000111011010100101010001000111
0110110001111100101111001011011111101010000110110101111001010010101110110001111001010001100011010000
0010011011111110110010110001111101011100110010101001110001010110101111111001110101101001111111111111
1001001001111011110010010101110010010010110010101001010011100111110111111110111000011100001110000100
0011010001000100111011101011111111100001011111001100001011111111001111001011100101000011100001100000
0110100111111100001100010110110110101101011101111010000010011001100110010001011101001100011110101000
