1000
1352 1379
3425 3466
2305 2336
1770 1801
4199 4211
4138 4172
1934 1935
116 140
4796 4824
568 578
1903 1918
347 375
3333 3373
3620 3623
2695 2730
4076 4121
949 991
3019 3021
1269 1317
725 733
161 191
1320 1356
2810 2836
3971 3981
1532 1575
305 336
1925 1930
1617 1631
4758 4805
582 590
4589 4620
4579 4604
1648 1670
1198 1233
3356 3375
2992 3021
4108 4133
2605 2637
3167 3185
220 226
1303 1349
4064 4065
4027 4032
4510 4549
4278 4293
4682 4721
2611 2647
924 936
1394 1435
2853 2875
2840 2889
4893 4913
2014 2021
1382 1387
1426 1476
3513 3537
1310 1354
301 345
4258 4301
1979 2006
1337 1385
4838 4839
2840 2872
4147 4172
2026 2042
1330 1366
568 597
3338 3388
3959 3963
2360 2364
2114 2157
2375 2378
3437 3453
1398 1424
569 591
1197 1207
3924 3928
2067 2076
4306 4353
3925 3927
1738 1762
1261 1285
4927 4977
3491 3523
4761 4792
2523 2532
4378 4416
2261 2270
84 109
1032 1078
193 210
4864 4885
2047 2085
3450 3467
3323 3372
1135 1144
1163 1170
3252 3259
1530 1532
3661 3671
589 597
2305 2314
2491 2526
2657 2683
4046 4061
1361 1373
1507 1532
1652 1698
4506 4555
379 418
4136 4184
465 466
3176 3206
521 547
4645 4657
1912 1929
4958 4979
344 360
3186 3196
2535 2582
2417 2450
4501 4533
4694 4701
4469 4508
492 525
4873 4921
2654 2688
2541 2560
4308 4357
4594 4607
523 563
2669 2682
2911 2916
2606 2649
3443 3450
624 666
601 642
3671 3704
163 207
3627 3658
4239 4272
3190 3216
577 592
205 209
3555 3558
2024 2042
4829 4855
3499 3529
1937 1963
3158 3179
3988 4003
700 703
3930 3942
4030 4054
4953 4967
3685 3726
4962 5007
2148 2164
3942 3974
3162 3182
3129 3163
53 64
2561 2574
2554 2580
1192 1198
4533 4545
652 686
2479 2519
3076 3124
3788 3795
1364 1410
3550 3564
2747 2771
4766 4810
1547 1564
672 674
2639 2672
2083 2093
4154 4167
1953 1992
2273 2319
3105 3116
3217 3247
3291 3319
3775 3815
2299 2342
1429 1472
3151 3191
2232 2239
1544 1558
282 305
3013 3015
614 647
4752 4755
3262 3301
3615 3660
3684 3700
63 98
1212 1219
2532 2545
3721 3745
25 49
1362 1371
4676 4704
4337 4341
2529 2542
3418 3444
4522 4538
1845 1882
4790 4820
145 188
4769 4774
659 687
1543 1553
489 521
4314 4353
4388 4428
4026 4057
2769 2779
2210 2220
2893 2912
2442 2483
76 81
555 567
4193 4200
1555 1579
2211 2234
482 493
305 343
4056 4074
3273 3284
266 273
1907 1930
4412 4429
3346 3359
1586 1633
4298 4326
642 663
1795 1809
4119 4122
2886 2925
4363 4404
1427 1429
3019 3051
3920 3931
3617 3619
2291 2335
456 470
4369 4408
916 936
3197 3211
3802 3847
3007 3008
2883 2895
2173 2212
205 254
3082 3124
1323 1335
4393 4426
3380 3394
1855 1888
4546 4565
3687 3735
2969 2975
1966 1992
4911 4923
2883 2918
2968 3005
1074 1076
3465 3503
216 259
1728 1776
877 891
4363 4397
3035 3068
2426 2434
1320 1336
3476 3516
3806 3856
4053 4102
1563 1605
1739 1756
1511 1539
3097 3112
4011 4042
2175 2178
4406 4436
1687 1690
2754 2792
3607 3627
1142 1189
1794 1805
3088 3098
3225 3228
31 81
4764 4783
4723 4753
1614 1646
1862 1909
4533 4582
3956 4000
451 453
3035 3044
4095 4117
3781 3804
3191 3228
3670 3709
580 597
857 881
2052 2099
3759 3767
1629 1668
2730 2735
2523 2539
1065 1075
2170 2177
2424 2466
1788 1821
1696 1705
4077 4127
4057 4071
264 308
2746 2788
4282 4306
76 89
1156 1175
474 491
3389 3393
1010 1059
4931 4973
4186 4188
1905 1944
3636 3668
4102 4137
4496 4520
3544 3585
175 216
2997 3007
2838 2864
3635 3676
3744 3791
4209 4247
1831 1860
1905 1907
3727 3742
4808 4846
711 734
4015 4025
1353 1354
2221 2242
2690 2710
1765 1769
3742 3754
1654 1664
85 125
1295 1305
1811 1847
916 927
4379 4421
948 989
3320 3328
1016 1030
1706 1741
148 154
1987 2002
4911 4948
789 805
1669 1697
4725 4759
75 101
2479 2500
2929 2956
282 319
4084 4087
3311 3361
4749 4780
1493 1496
654 704
2105 2155
3865 3912
2145 2179
1344 1363
2793 2817
4023 4065
2164 2189
2401 2405
946 965
4792 4798
3988 4009
1131 1180
1224 1244
2527 2552
919 937
3626 3641
402 426
3483 3516
871 912
3880 3894
4559 4583
1626 1629
4051 4092
2495 2534
2705 2733
1529 1579
154 182
4119 4132
1334 1337
1784 1798
1355 1377
108 151
1889 1931
3689 3705
2906 2940
3076 3089
2295 2340
4869 4881
3021 3052
1175 1197
3014 3056
1195 1214
644 648
2016 2063
2492 2513
4587 4612
1371 1418
3240 3242
4735 4753
2188 2202
1889 1897
200 214
3089 3102
4091 4133
4210 4224
1367 1409
3528 3553
2416 2466
1061 1095
3165 3169
1122 1168
33 82
759 770
3723 3731
3878 3882
611 652
2686 2694
1447 1480
4776 4795
3654 3700
2387 2414
3210 3257
4540 4548
2288 2311
46 91
3353 3370
3796 3837
2561 2606
2173 2196
1107 1141
2827 2869
2887 2901
1319 1325
2284 2295
30 52
355 366
2834 2879
1746 1779
208 211
239 251
2662 2699
4540 4555
1051 1072
1384 1423
1627 1634
1424 1471
2527 2554
2071 2092
1775 1822
3246 3271
2428 2476
337 353
2451 2472
1866 1886
3550 3600
1552 1558
3802 3832
1503 1515
3591 3595
3120 3152
695 741
4551 4583
1368 1404
988 1028
73 120
256 276
4269 4279
16 57
514 543
738 775
3338 3362
4966 4992
3611 3643
2173 2185
4635 4655
1843 1863
564 574
1307 1334
2569 2605
2144 2194
2888 2914
4402 4450
951 975
4369 4402
419 425
1657 1673
3770 3792
3872 3891
4224 4240
4517 4548
2291 2341
1597 1641
4688 4709
2595 2635
4831 4879
3960 3995
3443 3492
1882 1923
2164 2178
1472 1507
4327 4338
776 823
1520 1537
3941 3969
4889 4924
2216 2232
4113 4130
713 752
949 968
4614 4619
1665 1700
1395 1440
92 125
4541 4574
1942 1983
3525 3570
3439 3483
3250 3267
1476 1504
1575 1576
2391 2416
3423 3436
2136 2183
3255 3287
2320 2358
1893 1897
2969 2986
3065 3087
4339 4367
4208 4212
2161 2205
1316 1331
1522 1529
2742 2784
1856 1867
4762 4774
2583 2622
4313 4360
4954 4960
277 281
3941 3978
4924 4936
1381 1407
3088 3108
3800 3803
1359 1369
1526 1564
3114 3156
3669 3680
3308 3333
2809 2817
1676 1718
4212 4224
814 822
2759 2762
943 968
2762 2798
3288 3335
3910 3928
689 736
3294 3298
4295 4332
2052 2062
2932 2966
4085 4091
2615 2622
3739 3765
3374 3416
3700 3731
2318 2358
468 495
1993 2035
444 494
4706 4723
1978 2009
2160 2178
4704 4740
3496 3511
3562 3587
2806 2819
2565 2589
2329 2378
2320 2364
3656 3658
739 757
572 615
962 994
3846 3867
3469 3491
3194 3209
4309 4326
620 629
1451 1486
633 646
3046 3087
3314 3348
4496 4529
3276 3308
871 905
1190 1196
3270 3316
4041 4054
3409 3424
1872 1890
1689 1691
1378 1420
1661 1665
2736 2775
3255 3294
1620 1657
907 933
2305 2311
4773 4791
298 343
2003 2035
3137 3165
2828 2832
3063 3094
2232 2234
161 196
1048 1051
3971 4007
4827 4852
2581 2627
3801 3847
662 700
2211 2252
413 430
2601 2621
1509 1556
343 352
4895 4906
4663 4666
2161 2194
1325 1350
4283 4298
207 213
2123 2151
715 749
2841 2866
3887 3918
2055 2060
3980 4021
2787 2803
4367 4410
2760 2774
5 16
3908 3954
3236 3274
1347 1348
4345 4346
3933 3950
588 598
1478 1495
331 340
4715 4730
3917 3958
1652 1665
3000 3031
2571 2575
1183 1192
2850 2869
3432 3475
2294 2314
2947 2972
3036 3050
4917 4929
2793 2829
270 288
2013 2047
2120 2161
4441 4478
3338 3353
4902 4923
2778 2788
4515 4516
4963 4967
4704 4707
3773 3784
4043 4087
3472 3502
4301 4311
4253 4281
3569 3613
1867 1877
4345 4379
4456 4459
2798 2829
976 1012
4128 4156
2614 2631
3496 3504
2330 2332
2146 2162
2500 2531
1526 1531
2693 2715
3785 3832
2822 2851
1439 1485
3577 3600
3968 3983
4195 4207
4942 4958
4017 4057
651 676
1406 1411
2896 2906
3651 3701
4640 4659
4513 4544
3150 3171
662 675
3100 3120
4679 4719
1837 1871
468 489
3062 3082
4397 4418
4918 4959
171 183
2 27
2482 2511
940 989
1379 1423
593 595
1696 1712
3525 3530
3256 3267
1668 1673
3632 3634
4659 4665
4019 4046
288 297
3955 3999
3527 3565
1622 1631
17 21
4635 4682
2826 2835
1615 1635
4213 4220
2437 2449
3369 3392
3247 3252
4846 4863
4580 4615
3704 3731
2501 2543
336 364
1822 1826
1059 1079
3957 3998
3761 3766
2378 2420
4391 4414
3147 3193
4356 4362
4917 4920
2555 2570
3935 3952
3478 3485
3011 3012
1252 1274
4520 4548
136 183
1168 1188
2848 2856
3638 3664
843 853
2874 2878
1635 1645
1512 1521
3757 3798
4917 4946
4170 4178
2125 2154
4626 4663
1310 1320
298 322
614 642
657 676
3057 3099
2265 2270
1759 1783
1888 1927
4101 4132
2658 2670
3966 3985
513 533
1477 1505
1240 1268
4976 5003
191 233
2267 2303
2201 2214
3193 3233
3151 3186
3588 3630
1301 1342
1912 1918
3644 3673
3003 3050
3728 3736
4631 4651
974 992
1669 1682
815 820
1899 1900
2768 2771
3813 3862
801 837
2708 2742
4189 4229
4161 4169
1763 1783
4975 5004
32 55
3735 3744
3579 3581
2025 2058
4276 4306
1607 1636
1104 1122
1673 1682
2024 2033
1225 1245
3046 3093
1510 1547
3188 3221
4010 4012
4569 4577
2008 2035
4662 4668
3659 3666
2942 2953
2942 2972
1873 1906
4783 4833
4840 4883
4024 4036
984 1008
324 362
361 386
72 106
1058 1059
1516 1535
2210 2229
2715 2754
4441 4489
1186 1231
2007 2042
2269 2290
3200 3247
4282 4283
3053 3055
4937 4986
3393 3423
3044 3051
4925 4959
2423 2431
2657 2678
289 322
3713 3743
2331 2357
1814 1820
543 559
229 230
1040 1045
272 304
3736 3778
4814 4834
3270 3297
3315 3343
1281 1291
877 914
1637 1672
4841 4847
2042 2074
2897 2913
1814 1860
702 705
589 616
1828 1876
3078 3104
160 176
2661 2694
3465 3474
1273 1308
570 600
3558 3598
1907 1908
4447 4457
843 851
4030 4059
738 744
4919 4951
390 419
9 27
1399 1449
947 962
4940 4988
1216 1223
4271 4291
2482 2525
4316 4347
1880 1896
554 555
4760 4788
2311 2343
4975 5006
3758 3794
1770 1814
4981 5018
4831 4855
2776 2794
4945 4976
2812 2853
4625 4661
4041 4044
1199 1212
4863 4885
4403 4409
2746 2766
1291 1317
2457 2491
4462 4470
731 767
3187 3237
1952 1993
2381 2413
3748 3772
4819 4821
1485 1491
1526 1551
185 233
3197 3209
684 725
3858 3881
4965 4993
4699 4726
1447 1477
479 487
2100 2134
2496 2502
3257 3272
2818 2840
855 871
398 410
442 444
1569 1599
2910 2915
958 975
2198 2243
2921 2926
1426 1456
1353 1389
518 537
3338 3350
3070 3074
1132 1163
491 540
3703 3706
1125 1161
817 836
606 654
466 498
1853 1860
3893 3904
1645 1670
4625 4674
1592 1613
