2000
2300 2308
387 407
7326 7332
1976 2000
5664 5690
1306 1314
4412 4414
5234 5254
2935 2965
9044 9066
7046 7069
794 813
350 369
4325 4335
6907 6914
2958 2986
1828 1847
8698 8722
9279 9281
5349 5369
5486 5495
3023 3036
5120 5149
8443 8448
4580 4607
4434 4456
3032 3046
805 816
8714 8743
529 543
4122 4139
4658 4675
6709 6722
3029 3039
9229 9241
6508 6527
413 423
9430 9450
9197 9215
8637 8651
8655 8669
1444 1447
7271 7283
1615 1629
6600 6602
3227 3244
3912 3925
111 115
7520 7549
3170 3176
495 513
6165 6177
2931 2942
5853 5874
3134 3149
606 609
8773 8778
3302 3323
1655 1657
3196 3210
1999 2026
2418 2448
9619 9634
709 737
1968 1984
8585 8590
9578 9588
7751 7767
1080 1101
5797 5823
1815 1842
9969 9978
1958 1959
3062 3079
5739 5760
1050 1061
1594 1600
9780 9794
4408 4414
686 689
3123 3135
1935 1942
8756 8765
7974 8002
1115 1121
383 392
1596 1615
7700 7720
3404 3417
5639 5643
8598 8625
2956 2958
3895 3908
541 548
3330 3355
8029 8050
6266 6268
6872 6887
4160 4168
3781 3785
4363 4393
1069 1099
9275 9281
2922 2951
5224 5226
492 508
2595 2615
4588 4590
7975 7998
489 498
67 74
7422 7450
3823 3838
8759 8773
2292 2304
5609 5618
150 173
6224 6244
1757 1763
9035 9056
5933 5942
8403 8412
3086 3095
4551 4568
2608 2620
8354 8370
8190 8217
2225 2243
3122 3138
6648 6659
1272 1285
8625 8632
2651 2654
830 860
6222 6233
3866 3868
8482 8499
2505 2512
9138 9150
9805 9806
8638 8649
358 362
8303 8325
843 869
1068 1072
9347 9350
2923 2932
8271 8281
5122 5152
6750 6769
8612 8636
8996 9007
5280 5302
857 886
3840 3866
8388 8409
5265 5287
4611 4612
3908 3916
940 944
5155 5165
392 422
5179 5183
1691 1721
7294 7321
5444 5474
2876 2882
7812 7822
6797 6810
5801 5806
6612 6622
3847 3865
3726 3755
6140 6169
664 679
4587 4604
8895 8902
1522 1527
3916 3941
5087 5105
2274 2289
804 813
3998 4025
2503 2507
9164 9180
5349 5375
2728 2745
6174 6177
5565 5572
6238 6243
9551 9580
7520 7534
8826 8828
6466 6488
7520 7546
7213 7225
3420 3430
167 197
1344 1348
2533 2560
7427 7452
1305 1312
9231 9247
4381 4402
2051 2052
2648 2667
4969 4987
3921 3940
3251 3281
5527 5551
6523 6538
9128 9151
2867 2892
6650 6672
7393 7411
6967 6976
3411 3437
4003 4011
8684 8693
4770 4789
756 776
3934 3954
9076 9084
5810 5825
6107 6111
9512 9536
3732 3744
6812 6824
2099 2123
2264 2266
9019 9039
8258 8268
1782 1787
8339 8362
3820 3833
2135 2139
6104 6121
4275 4276
145 151
7233 7259
5498 5504
7923 7929
8327 8347
2631 2654
1640 1649
6076 6080
7806 7812
2879 2902
1378 1401
8213 8235
4162 4184
7281 7299
7386 7397
9464 9475
3741 3769
2945 2969
828 848
2018 2030
1146 1147
8681 8699
6764 6785
5496 5510
1546 1554
6677 6686
691 710
5631 5651
9180 9189
2402 2426
5374 5404
6529 6546
1583 1612
493 516
5742 5760
1196 1202
7264 7291
208 223
6306 6320
1207 1219
453 481
7878 7891
3486 3496
1800 1820
9209 9235
2781 2811
4627 4648
1797 1799
7605 7632
3313 3324
6616 6643
2979 2994
3885 3891
1055 1056
1857 1864
4265 4279
7987 8008
4591 4601
9960 9982
5860 5884
4419 4431
5086 5089
9143 9159
3638 3643
3091 3105
6400 6405
1224 1250
4600 4625
5942 5966
177 203
7535 7552
8372 8388
3106 3107
3470 3475
5089 5091
466 493
8069 8073
8965 8977
3643 3647
3743 3755
6791 6797
2457 2466
3968 3994
7888 7910
7039 7043
5652 5657
4208 4213
2009 2034
4830 4838
5816 5828
4515 4535
1145 1167
4995 5017
6434 6452
3659 3666
3468 3473
2556 2567
4149 4154
1141 1171
3729 3759
817 836
7971 7998
9579 9589
1830 1834
6851 6854
22 46
342 364
7977 8002
7602 7616
8496 8518
2234 2259
8420 8445
3924 3930
5260 5269
734 745
2597 2600
906 931
8864 8879
3872 3898
9104 9121
8251 8263
3818 3823
4494 4514
5265 5287
746 763
1051 1070
402 403
5020 5046
8532 8545
6332 6336
5811 5825
8445 8472
8218 8222
6011 6015
8165 8185
5849 5862
3476 3484
9846 9871
2270 2274
4840 4842
9804 9828
6294 6305
4363 4390
5954 5978
1992 2001
5543 5568
6004 6013
1187 1196
5671 5682
4715 4729
9008 9032
2821 2846
1604 1620
2584 2592
2832 2840
7058 7079
1461 1488
6139 6154
7967 7982
8590 8615
7417 7420
5796 5812
1855 1871
4886 4908
4559 4589
2322 2348
8938 8958
7216 7234
4990 5005
9774 9802
9733 9746
6655 6669
3975 4000
7801 7813
8153 8182
2036 2060
7924 7934
9339 9343
6011 6012
5676 5701
587 603
4585 4611
6367 6368
4083 4096
5692 5707
3516 3518
6256 6262
3444 3456
3525 3527
8563 8572
780 792
1460 1461
1413 1438
6883 6903
8436 8458
2139 2158
2122 2139
1258 1277
8381 8385
8838 8848
626 654
6409 6420
3105 3108
754 782
1368 1391
3216 3234
8454 8460
8925 8942
3763 3767
9454 9460
4656 4666
3019 3028
7368 7379
806 824
6691 6703
6263 6271
4844 4856
6538 6560
4452 4460
5096 5126
3723 3725
4819 4829
1260 1281
2539 2560
9674 9696
2131 2144
5716 5733
4880 4897
8397 8400
9802 9818
2057 2078
8705 8720
3504 3514
554 560
8243 8272
282 286
9433 9450
9779 9803
9175 9194
3795 3804
1508 1533
353 366
5002 5031
4416 4430
1784 1790
9567 9576
7208 7218
9214 9233
1051 1062
2559 2585
4165 4186
667 680
4924 4937
729 733
9294 9311
8170 8194
1487 1511
5423 5448
4973 4996
8524 8530
2213 2234
3226 3251
9877 9900
9975 9982
7857 7886
746 762
6798 6802
9707 9721
7032 7061
2811 2822
8232 8236
3660 3689
8028 8058
6591 6601
8801 8816
4089 4110
4999 5017
8694 8720
3799 3813
2706 2730
7906 7931
1936 1959
7123 7136
3820 3848
8126 8142
9960 9961
4146 4160
9718 9745
8868 8872
3920 3923
4074 4085
8499 8513
6622 6627
7022 7049
8762 8789
3453 3481
5571 5586
1006 1016
8440 8462
4035 4064
7833 7840
5379 5381
2743 2764
2648 2650
3726 3739
8257 8278
8979 8996
1336 1353
1477 1490
4287 4288
7108 7120
7850 7862
9673 9686
4631 4633
6789 6817
8284 8307
2607 2634
2899 2916
4200 4225
8429 8446
5257 5278
5949 5970
2181 2203
7275 7276
2041 2056
6356 6365
8121 8125
3136 3166
8662 8678
8351 8358
784 814
2144 2150
9223 9242
2563 2564
4314 4344
6115 6116
5953 5954
6091 6113
1925 1948
824 832
7668 7675
9738 9762
6590 6618
1057 1062
4204 4229
1668 1678
8494 8495
1626 1656
8700 8703
3896 3904
6590 6608
1119 1141
2927 2947
2556 2580
5295 5325
7787 7816
1663 1688
8742 8769
1523 1541
9353 9354
322 344
504 520
5111 5116
70 75
4375 4404
838 850
307 327
4350 4360
7421 7449
7574 7597
9437 9439
539 546
352 366
7962 7982
5322 5334
3986 4015
7335 7356
846 868
2579 2605
2134 2159
5109 5112
5708 5714
7254 7283
7917 7938
8628 8644
8350 8359
5534 5558
3539 3547
2638 2651
371 373
5304 5313
3838 3843
819 826
182 195
8375 8385
9977 9978
891 907
3294 3307
2027 2052
2554 2580
4226 4227
4209 4224
6042 6067
7254 7261
1552 1577
359 381
838 849
7087 7108
4479 4484
4045 4050
1156 1180
2593 2610
1951 1980
9211 9223
9808 9818
5385 5407
4419 4424
9381 9398
8759 8784
8524 8548
1304 1306
9120 9121
2080 2091
8625 8654
2756 2779
151 154
8717 8720
2863 2866
8302 8328
8078 8097
8000 8005
8798 8808
4371 4387
4035 4055
3242 3269
8048 8054
8029 8055
6137 6160
1858 1883
2528 2529
1304 1314
1884 1905
4750 4751
3402 3425
9213 9218
7183 7194
2714 2741
7200 7205
8178 8203
1252 1266
5593 5595
7814 7815
9080 9101
3871 3888
6893 6917
7358 7370
774 804
1875 1894
6825 6835
6521 6539
2302 2309
6341 6362
7364 7366
64 65
4648 4661
2422 2440
1039 1064
268 275
6681 6710
8203 8218
9040 9060
7482 7512
3693 3705
2840 2843
5272 5284
7059 7080
1024 1042
1271 1286
3397 3412
509 527
6172 6176
1939 1960
568 573
9722 9749
7042 7049
1374 1395
3806 3827
8896 8899
5161 5169
5935 5949
9193 9215
5301 5311
161 178
7630 7643
7400 7411
989 1003
9511 9536
3163 3178
8462 8491
3767 3781
495 513
4495 4524
7167 7188
6953 6958
8973 9002
3248 3269
1577 1606
4458 4485
5924 5937
2026 2033
4270 4286
3787 3802
2945 2950
4068 4093
1885 1913
5838 5864
8159 8184
2822 2844
4503 4509
5398 5407
2835 2845
1504 1523
1853 1865
1683 1705
472 501
4996 4997
9989 9997
9492 9511
7083 7108
4764 4793
4016 4017
2734 2740
7213 7214
5806 5819
524 552
8557 8571
8175 8196
732 750
2232 2254
4410 4419
8044 8064
1886 1901
5831 5836
2191 2195
2053 2074
6236 6265
4782 4786
308 321
8119 8127
9624 9639
9865 9878
6915 6928
4384 4393
5359 5366
1068 1082
2606 2636
5993 6010
7443 7459
2906 2927
8949 8965
6424 6435
523 542
3120 3134
5027 5031
6441 6465
9275 9294
6180 6206
4351 4360
4982 5006
7314 7338
4593 4621
4168 4173
8784 8802
7774 7790
1398 1415
5779 5800
2883 2907
891 912
4466 4483
578 579
5070 5100
636 647
1720 1748
3198 3214
6869 6893
2011 2029
9927 9955
1962 1976
6858 6867
1801 1815
6806 6834
4845 4866
451 452
6018 6022
7110 7111
8455 8466
3178 3206
3952 3974
7953 7979
8249 8263
9516 9544
4674 4697
1687 1701
2425 2444
5489 5518
2776 2782
6340 6350
6252 6254
7834 7843
5875 5904
6050 6078
6246 6247
9130 9139
9359 9371
7533 7563
225 231
2439 2461
3772 3801
4338 4342
5209 5217
8264 8276
384 397
4492 4494
7661 7668
2190 2203
6106 6107
3175 3183
4714 4726
1352 1371
6671 6695
9632 9652
8790 8810
468 469
906 936
8746 8762
8265 8290
7571 7575
745 766
1591 1607
111 119
825 840
6101 6121
3503 3506
192 220
9337 9343
5348 5356
3675 3695
6780 6807
516 531
733 763
7419 7422
3053 3082
1087 1088
984 995
9751 9752
8665 8671
5632 5638
6326 6344
5395 5409
1862 1887
1225 1255
1154 1171
4570 4591
2856 2883
265 293
5569 5593
9163 9168
5419 5446
9140 9169
8715 8730
1422 1443
4977 5000
2724 2748
7009 7020
7577 7596
7103 7106
7284 7300
7852 7866
8768 8777
4393 4407
2512 2533
8874 8888
9095 9106
6142 6159
1036 1066
289 305
6333 6342
4647 4651
7885 7907
1415 1416
7831 7845
2273 2284
1620 1624
1169 1183
4065 4072
1346 1374
516 521
1768 1782
726 741
4775 4795
7427 7439
7539 7569
9481 9490
9665 9675
5181 5208
4495 4523
1058 1076
4820 4832
10 23
7042 7053
8008 8031
3174 3187
3324 3348
2538 2556
7096 7102
6727 6734
8992 9006
4377 4388
7433 7462
881 901
5308 5323
6178 6188
5793 5817
4950 4957
4696 4698
4967 4983
4087 4103
6704 6710
8086 8092
1855 1858
3119 3133
2460 2470
4794 4823
4660 4680
3744 3746
9045 9069
5884 5900
88 118
4188 4216
4880 4898
4746 4766
7714 7740
6594 6610
6273 6297
4451 4480
9190 9219
572 596
549 551
603 633
935 956
2955 2977
4342 4364
1019 1042
3068 3090
3507 3535
5851 5878
3156 3169
729 741
844 861
8987 8989
2017 2021
7638 7654
5367 5389
2702 2707
9726 9741
379 387
9492 9512
2603 2605
6026 6047
5368 5372
4145 4170
4494 4502
3197 3220
7495 7499
7054 7084
6837 6850
3065 3076
9493 9496
9112 9123
7427 7431
9239 9243
6744 6764
2191 2197
3823 3845
8122 8144
5111 5126
2300 2320
1137 1144
6732 6743
7110 7140
8488 8512
2214 2235
2240 2267
230 257
6806 6830
9900 9913
8382 8401
9586 9587
2567 2594
1397 1414
1622 1639
731 760
684 708
4923 4951
9922 9935
8463 8482
1356 1358
2607 2625
9680 9694
9711 9730
261 264
7639 7645
2236 2254
1907 1926
6038 6058
9071 9090
4356 4361
6295 6322
2713 2719
2908 2916
4420 4435
9613 9630
1309 1318
244 251
9811 9812
6263 6271
7286 7315
4184 4193
4443 4462
5646 5659
3601 3616
91 113
9952 9957
9400 9410
1551 1580
915 933
8391 8413
5895 5908
4643 4654
7959 7981
1465 1466
1076 1098
92 115
4376 4387
9224 9248
8723 8728
7480 7505
9835 9838
9678 9684
3472 3492
2445 2447
2428 2434
43 59
5207 5230
3576 3582
9752 9769
1586 1612
2134 2160
8490 8497
7932 7942
936 951
9163 9167
1079 1104
476 505
4112 4139
9942 9966
8474 8496
9703 9727
1728 1734
7846 7850
3788 3810
6833 6850
1364 1372
6964 6990
125 143
2722 2749
7522 7537
7274 7281
4924 4943
466 491
8530 8549
7260 7286
608 625
7589 7609
6176 6200
1612 1639
1803 1809
8050 8051
7985 7996
4887 4904
2782 2789
1187 1202
3428 3452
4089 4118
9118 9130
1623 1648
7485 7510
7668 7675
7208 7218
9664 9666
9583 9590
3573 3590
4869 4874
584 594
4713 4719
6657 6682
8704 8719
5649 5654
2228 2239
290 317
7951 7973
4990 5017
8646 8668
3751 3761
6716 6724
5442 5443
6851 6874
7651 7660
4098 4104
807 834
1059 1064
2376 2400
8312 8324
3433 3451
4693 4704
674 678
3769 3790
8377 8379
3591 3618
5971 5979
8948 8955
2821 2828
731 750
2557 2571
2326 2340
7318 7337
323 332
8743 8750
890 903
8060 8063
3082 3103
3115 3137
6700 6708
2510 2539
4706 4734
6190 6192
7942 7961
9493 9516
4444 4449
733 736
8766 8770
9276 9282
2492 2501
2861 2865
1875 1904
6539 6557
9753 9762
6983 6995
1014 1022
7203 7220
9947 9974
4942 4959
1954 1974
7093 7102
6882 6896
1537 1560
810 812
8135 8161
1193 1223
406 411
5656 5677
3340 3353
587 612
7079 7088
1896 1906
9951 9965
8037 8046
2987 3010
5039 5059
8667 8691
7745 7746
1761 1780
544 561
2598 2615
4638 4660
7904 7911
8850 8880
5851 5861
9022 9041
5955 5964
2768 2790
4723 4745
9102 9104
3493 3500
1518 1522
9137 9163
1323 1346
8730 8746
2916 2925
1946 1951
5646 5654
8527 8540
1196 1221
4959 4981
485 514
6443 6445
1337 1347
9647 9660
3383 3392
5233 5244
1305 1327
6384 6402
3697 3703
9551 9558
5708 5726
4036 4052
2745 2760
578 587
4283 4307
9036 9051
1382 1402
9319 9346
4117 4144
2933 2959
5709 5714
4331 4361
3921 3923
3557 3558
2721 2735
1752 1767
3109 3126
5599 5627
9980 9988
536 544
6510 6532
675 701
252 253
582 608
1757 1779
6712 6722
7680 7683
942 962
7198 7227
43 50
5407 5424
2991 2997
3479 3500
9589 9610
4753 4769
7374 7393
4787 4812
9258 9262
2100 2107
7899 7908
5451 5465
7231 7255
947 966
9916 9917
2120 2131
5059 5066
7386 7399
4508 4510
2933 2950
2774 2804
8046 8062
7039 7043
6375 6394
8849 8875
1972 1984
9578 9585
9067 9074
9860 9872
5550 5579
9539 9543
3681 3696
5779 5804
2163 2179
9796 9801
1340 1356
4991 5016
2234 2250
3816 3842
5305 5328
6316 6329
2297 2324
2493 2502
3989 4008
6417 6423
598 612
9959 9960
9800 9807
4709 4714
9819 9846
4692 4713
5248 5265
6454 6470
9925 9932
9410 9420
4326 4338
4479 4493
5753 5772
887 910
6369 6398
6614 6638
1996 2021
8484 8499
2592 2605
2976 3001
723 736
4755 4783
9619 9629
7849 7854
4265 4284
1046 1069
8871 8901
6745 6761
733 739
9803 9827
9810 9826
3310 3314
3541 3542
2436 2449
4060 4065
644 665
5175 5193
8489 8502
5134 5148
1845 1855
9348 9354
9253 9269
8544 8559
7599 7606
9668 9690
3322 3350
4192 4220
2072 2078
3857 3880
1317 1319
8092 8102
3243 3272
7928 7935
629 657
2430 2446
6205 6225
6535 6546
9807 9833
7424 7434
8931 8933
651 669
9061 9064
2894 2912
7217 7237
2937 2963
9670 9687
8154 8159
5887 5899
8104 8117
7985 8004
4919 4932
3792 3812
6825 6836
9213 9241
7742 7746
6088 6090
4866 4873
3798 3807
2383 2394
9253 9260
7439 7459
7405 7428
418 422
7409 7439
6377 6403
4090 4099
25 30
5677 5701
4872 4883
6513 6519
169 179
9081 9091
8640 8664
7784 7801
5702 5725
9002 9013
9841 9859
4377 4389
6922 6946
6299 6318
4183 4200
8913 8928
9012 9021
3161 3177
2735 2755
9156 9158
3788 3807
7582 7583
624 635
5867 5887
2650 2666
2284 2290
9594 9601
5227 5238
4734 4750
1500 1529
1357 1371
5484 5485
8118 8143
4105 4131
5454 5478
6028 6053
6541 6545
4844 4855
8482 8508
5263 5272
9829 9857
1904 1910
4755 4757
812 824
3874 3888
5865 5874
2771 2786
5352 5354
341 343
3039 3050
8159 8171
9619 9639
8161 8175
9064 9075
5831 5851
3864 3875
2264 2280
1122 1130
8528 8544
6406 6428
3407 3421
820 827
5724 5743
7969 7974
6249 6264
6511 6519
3658 3678
1323 1349
7498 7510
562 565
4555 4565
4738 4743
8207 8228
9418 9425
4843 4867
4094 4113
6406 6422
6196 6226
4398 4422
8012 8020
682 702
3775 3787
556 575
3414 3428
532 554
7857 7860
5189 5203
6900 6926
4836 4866
6414 6429
4180 4209
8957 8981
657 661
9005 9014
4565 4586
3433 3441
7042 7055
7924 7950
1848 1872
3607 3631
9501 9507
7218 7224
1548 1576
8771 8800
2053 2083
8250 8259
4880 4885
7436 7451
3019 3020
2866 2874
2086 2113
8146 8168
7559 7589
4880 4883
3179 3200
2325 2334
3986 3991
1784 1796
6353 6356
1067 1095
4460 4471
7120 7132
5207 5236
4644 4650
8031 8045
2171 2192
3910 3924
1637 1655
3808 3828
2644 2645
2956 2972
4646 4667
9980 9991
4613 4633
4974 4981
1947 1950
8072 8098
1435 1458
6285 6296
7048 7055
246 273
9444 9446
773 788
5493 5507
1472 1479
6226 6249
3340 3358
3931 3935
3073 3093
8329 8332
9775 9805
404 407
8926 8942
7344 7346
9742 9765
9284 9307
7080 7099
3795 3808
4259 4282
8678 8682
6734 6742
6483 6498
7721 7745
8267 8273
1958 1972
5711 5713
3950 3968
5133 5137
3684 3688
395 407
8333 8361
536 561
7865 7885
1066 1070
21 32
4910 4912
7309 7317
5121 5136
6070 6073
327 352
7037 7067
7996 8020
4966 4980
9855 9861
2681 2685
4818 4838
488 510
1161 1184
23 36
4810 4825
9833 9862
4509 4510
1058 1077
9913 9916
2543 2551
9007 9021
8563 8573
1730 1759
9237 9249
2841 2871
7877 7896
1729 1754
9395 9422
5198 5219
9800 9824
8435 8454
5636 5645
324 326
2921 2925
6064 6078
9209 9215
3768 3773
2862 2888
8897 8899
2033 2062
9938 9953
2118 2128
3303 3327
6741 6768
6687 6716
343 366
4138 4148
9311 9339
6032 6044
905 920
9097 9100
4816 4833
1785 1813
6193 6207
5925 5938
5768 5798
3542 3564
5753 5777
6856 6871
6110 6136
1656 1667
771 799
3151 3163
8459 8473
888 904
1518 1525
3592 3597
7814 7825
5063 5082
5425 5454
8973 8988
1672 1683
7476 7488
7131 7153
7058 7085
1615 1644
7954 7977
8094 8104
2983 2997
1283 1297
6312 6341
4443 4467
3478 3488
3645 3669
7258 7262
3389 3397
5210 5218
2971 2982
1286 1293
1999 2027
9682 9700
2386 2412
9619 9640
3536 3549
5035 5063
5160 5176
933 936
7855 7872
8684 8710
5927 5941
7822 7829
7091 7105
2682 2700
6974 6982
3314 3325
7994 8020
8871 8899
9290 9299
260 273
1275 1287
5810 5813
6600 6607
8914 8938
4594 4618
5657 5680
1760 1776
1445 1452
928 938
9543 9568
966 984
3214 3231
5433 5450
8677 8702
8952 8965
6832 6835
4282 4284
6291 6318
7807 7828
8718 8727
891 892
6494 6509
754 768
9044 9069
4044 4065
9144 9168
1637 1653
9279 9288
5237 5252
6039 6055
1472 1495
5387 5413
2039 2050
3078 3103
6987 7017
1254 1282
8170 8186
8813 8815
7467 7480
4953 4960
7714 7721
1418 1436
7504 7520
9396 9406
2798 2827
2087 2117
9443 9465
6128 6132
2363 2369
9158 9162
6013 6038
250 278
5808 5832
2795 2812
1589 1607
8882 8904
6001 6023
2525 2553
4319 4329
6363 6393
8592 8594
7945 7968
9925 9943
9307 9320
1627 1639
3397 3426
7420 7444
92 111
6891 6917
527 534
2670 2672
8348 8353
5656 5670
2508 2523
4733 4739
5146 5171
872 892
4351 4376
9149 9171
6219 6228
7332 7351
3184 3213
3781 3782
4866 4877
3453 3471
7791 7802
7783 7808
2200 2215
4037 4054
9442 9451
1206 1236
7376 7393
8524 8532
4173 4194
7492 7513
920 949
4230 4250
7271 7290
1512 1526
6059 6084
7416 7427
2953 2973
7020 7050
1069 1074
4956 4980
3486 3514
8478 8482
6134 6155
484 510
3115 3134
3661 3671
9705 9706
1820 1836
4743 4770
2608 2636
7328 7339
4448 4452
2709 2730
1714 1731
2910 2911
7963 7965
555 556
7415 7422
7751 7777
3394 3403
5828 5840
3381 3403
3217 3228
6365 6387
7950 7973
3765 3775
9892 9916
6711 6741
1338 1359
5519 5535
7497 7509
2250 2279
3440 3463
6954 6979
7396 7401
5435 5450
3879 3903
1789 1802
9359 9376
9796 9808
1202 1214
5785 5806
5273 5276
2724 2744
282 301
3060 3077
7620 7635
3745 3775
8240 8265
6999 7025
2323 2337
3428 3440
3384 3398
9406 9411
7301 7302
6557 6558
4784 4807
370 376
866 870
6334 6356
9942 9961
719 738
9211 9218
1732 1751
699 707
7937 7962
6570 6575
4388 4406
426 451
2142 2147
4125 4135
3951 3976
3987 4015
1239 1246
2327 2337
7787 7805
105 121
3968 3981
793 795
3560 3589
8024 8038
2760 2773
528 537
5729 5742
7915 7928
9862 9877
1048 1075
8317 8342
2770 2788
9593 9597
77 96
4887 4897
1493 1497
5409 5423
17 40
8540 8544
4957 4965
3090 3091
6682 6695
8684 8705
4833 4861
222 233
1517 1547
7219 7234
4679 4699
100 120
9841 9849
2185 2215
2473 2475
9690 9699
9593 9620
7080 7101
6219 6242
5271 5288
5606 5609
5662 5663
8205 8232
6964 6979
5429 5439
5416 5423
3574 3585
8588 8605
6960 6986
7613 7631
8668 8676
4700 4725
1582 1590
2088 2091
838 866
7210 7223
5406 5417
4885 4913
1454 1460
6804 6820
6481 6498
637 640
297 324
7800 7830
9459 9487
5325 5339
2403 2407
6159 6180
918 932
8285 8300
3690 3717
2567 2576
3099 3111
1758 1778
9164 9167
7198 7203
8228 8230
9684 9712
9120 9142
6106 6122
7450 7467
2289 2298
8892 8897
568 590
155 170
9762 9792
6380 6382
1292 1296
811 840
8403 8411
2502 2531
5444 5461
4592 4622
736 745
9434 9458
9687 9694
858 865
8213 8215
6168 6184
9972 10002
2609 2611
6048 6059
7177 7197
4614 4620
5508 5531
340 352
321 340
6001 6023
7678 7707
571 591
3742 3763
2145 2165
9979 9992
2570 2582
1925 1929
1047 1064
551 560
40 51
5750 5765
7494 7518
7544 7546
616 636
6087 6097
5239 5259
8887 8909
