254
996
899
863
33
754
647
718
427
235
519
129
254
441
832
650
258
454
977
50
81
417
447
319
857
79
737
752
794
355
928
357
14
899
890
35
920
846
857
395
988
125
804
844
502
102
125
73
916
2
529
921
549
0
812
508
703
832
404
201
321
823
222
16
960
634
121
36
378
185
262
983
981
100
586
925
135
716
166
146
301
647
88
113
563
51
955
19
119
396
295
632
658
429
386
290
154
935
741
357
987
714
521
269
928
634
253
158
659
254
740
301
254
293
772
523
470
947
419
993
595
601
381
260
842
219
462
339
141
207
815
572
894
115
68
203
264
988
95
836
478
453
440
248
400
74
391
948
158
783
981
510
755
338
254
993
518
769
127
676
651
598
14
995
478
50
428
109
966
77
649
558
615
226
254
989
676
275
138
755
222
96
553
670
16
133
283
19
32
734
896
669
718
458
534
447
248
561
446
402
322
570
81
111
993
994
158
254
453
371
798
377
614
122
534
594
523
105
164
454
902
229
125
46
563
787
570
122
119
638
898
350
478
523
941
728
113
36
700
122
624
821
636
311
720
87
790
746
357
797
601
844
222
645
324
736
358
454
185
730
792
538
185
772
599
366
727
863
377
503
636
994
720
339
541
197
760
925
0
658
834
339
679
262
534
528
158
243
535
573
636
534
798
83
729
315
439
300
219
871
835
245
722
678
456
196
213
678
195
87
941
976
980
897
141
783
574
718
761
749
621
570
127
90
769
503
490
909
996
864
823
149
62
570
694
586
559
929
977
219
783
535
891
327
371
478
792
823
636
369
74
181
447
221
855
440
266
909
22
663
8
125
447
208
637
476
665
727
758
58
899
736
272
117
95
456
994
251
377
103
664
976
586
949
153
41
621
487
81
981
573
219
658
594
133
398
913
494
614
95
614
819
694
716
347
102
230
964
798
651
359
117
836
512
776
941
736
949
657
2
50
225
565
412
823
977
459
986
412
453
359
25
417
389
767
447
9
590
433
766
679
302
736
672
574
165
74
389
764
59
593
428
558
205
316
991
87
882
835
802
58
428
706
593
797
19
931
756
849
58
110
87
508
7
663
595
672
645
673
273
783
68
34
485
563
127
648
793
254
248
678
541
265
553
348
497
591
35
849
783
357
764
503
875
602
649
130
502
524
963
657
113
52
340
79
301
809
765
634
955
734
715
115
221
871
552
956
70
205
903
231
419
130
819
935
726
155
264
892
427
369
670
440
53
871
341
929
898
113
167
899
113
45
948
780
289
89
145
626
982
277
988
330
157
89
860
87
534
467
537
590
195
65
899
117
835
875
994
621
664
916
669
570
56
980
594
672
280
625
853
537
737
925
416
494
996
438
127
622
897
213
568
758
3
162
434
222
45
752
195
713
356
943
433
254
981
518
465
570
788
434
288
389
503
971
610
33
553
395
518
315
482
610
252
334
862
42
107
120
19
62
6
62
863
115
148
201
657
607
331
2
573
986
416
663
377
2
648
678
413
434
643
557
371
960
340
218
988
853
821
767
815
413
993
936
932
290
289
665
950
408
597
421
333
602
637
78
819
678
538
950
903
538
891
988
129
902
239
74
593
42
165
543
443
166
371
675
626
613
542
468
112
541
178
22
640
740
619
853
996
166
788
795
951
419
552
726
782
709
453
142
537
435
293
333
902
181
450
942
685
85
990
107
669
917
460
395
537
377
357
538
780
339
651
456
97
823
119
777
882
16
101
290
823
447
755
419
174
424
525
752
761
429
185
153
999
465
477
965
571
558
8
585
735
663
937
303
102
219
200
873
929
11
317
645
61
237
347
926
81
419
183
493
410
42
747
487
523
125
790
648
273
224
153
965
634
836
165
275
549
452
916
0
157
853
222
153
278
781
316
147
667
210
310
956
8
452
77
465
831
17
534
844
849
391
923
860
977
78
131
740
726
737
292
486
350
434
456
570
890
81
50
570
849
790
659
286
926
42
840
636
171
966
673
589
295
269
961
372
503
76
909
350
120
823
18
38
476
682
193
93
869
179
51
102
954
527
983
478
601
292
261
133
674
638
755
792
837
14
951
474
862
930
816
665
667
113
887
570
689
467
396
17
89
158
221
663
538
381
935
419
77
649
755
452
350
106
147
765
746
462
865
542
953
819
474
48
95
865
497
602
225
933
171
870
315
127
601
793
456
419
371
125
917
956
51
442
765
46
820
520
404
935
981
421
85
141
999
87
56
890
482
678
478
16
781
993
296
674
620
783
225
620
164
490
478
788
87
864
452
