1989
1989
347
525
378
1443
1688
1417
216
551
218
347
525
925
1499
764
1580
278
1232
18
15
1698
1219
1007
17
1956
816
7
1721
1592
1146
1247
50
272
543
1592
104
1810
1873
1513
1549
986
643
1210
864
589
1687
768
929
1877
1562
832
77
1929
1648
1877
1640
1301
949
1110
1095
143
1601
394
498
406
621
1243
161
1144
454
190
1051
1979
1043
1849
1093
1810
1673
1430
676
755
1807
968
1352
1961
486
1897
589
536
1572
1665
1013
1675
1927
1062
350
297
1752
1408
616
1072
1140
744
450
1509
1015
727
1979
1518
440
870
1565
675
1738
1328
833
253
1904
45
347
133
755
1329
266
1883
807
486
282
526
403
1452
274
1215
916
1836
1741
548
971
1511
70
1514
1816
151
226
1601
1649
1741
1244
670
451
498
454
405
1368
680
1733
1490
1202
1662
1743
1232
1633
389
1854
663
110
108
354
1633
1874
493
1022
1460
555
1508
982
1892
1667
1884
609
532
1944
652
163
232
927
1349
1146
1903
1332
1937
1329
1758
935
1044
1464
442
1346
1463
1797
1858
303
693
1559
1681
1340
887
75
872
1746
1601
1449
505
314
33
485
1873
1383
688
1965
1721
1676
1201
1321
875
1178
1450
1754
1509
937
1081
252
438
247
1201
1147
1815
291
151
640
1312
1579
1600
1569
1584
794
1740
1111
72
689
1476
609
773
464
451
543
408
431
367
147
955
1762
361
1927
1343
617
48
693
1443
692
95
202
1053
1232
1417
758
45
1355
1344
307
1509
1053
1101
1810
824
1322
693
406
596
768
1399
644
1194
397
111
794
53
941
1915
1489
861
283
670
1674
1613
417
272
982
1332
1963
1721
354
1866
1721
1979
1173
1306
1637
941
1445
1621
319
1320
363
664
105
1289
1474
1916
358
755
891
1081
1239
549
345
384
1775
995
1255
634
424
1449
464
59
1340
1965
746
649
1527
268
949
1314
729
1728
247
22
1355
812
151
1194
802
1314
74
310
688
171
1766
1637
949
1927
53
751
876
1897
739
922
801
1439
171
1694
1773
169
1015
985
1366
1069
655
1816
609
1989
1243
1818
805
250
358
1017
53
1721
1966
1311
1008
1949
151
242
25
1494
406
863
1344
263
294
421
114
1321
189
1298
664
1793
967
285
1142
1894
991
1979
573
72
1432
142
337
1934
949
1118
1216
1613
272
111
1346
502
389
337
1769
647
647
1882
891
1438
1963
998
428
449
1807
808
509
164
1333
282
323
244
1438
270
430
1658
1510
78
99
1601
531
1986
749
1329
1517
1599
589
1684
1072
1496
391
1998
1721
1687
1130
449
1973
721
1057
266
888
378
266
1521
245
22
708
1666
1954
1364
614
1272
419
1057
1533
1984
1423
1784
1529
728
1069
1876
1848
428
1179
1428
778
541
1525
405
1276
1931
1074
1345
1647
1760
1757
1613
1364
1909
573
1780
1977
1737
83
505
1780
264
1332
548
1530
609
1965
1126
1242
1246
316
550
585
405
1068
790
1118
155
1535
1382
467
1784
1539
1242
346
920
1454
1939
1119
1812
1902
778
303
1168
941
516
591
625
1775
1995
1441
1565
126
1773
263
1350
1681
209
1194
1984
1062
101
1338
134
1276
1482
1543
1851
1263
1604
8
1327
608
574
1250
927
1637
1496
1083
1616
1114
573
413
4
348
906
1399
1569
1500
1589
1599
1142
1627
1565
1569
431
1841
515
1329
348
744
255
1276
1624
353
214
113
1822
1592
1328
1191
72
1199
1294
1046
1232
52
648
351
628
1047
435
968
266
1566
297
1298
266
378
143
1797
1072
1852
1970
658
1647
474
927
415
811
1970
1376
990
280
1877
502
33
1927
1750
1759
713
609
778
1868
1826
1531
319
1
532
202
1253
1319
1889
1582
1454
1325
1445
1853
1861
19
957
394
692
123
1664
397
1433
843
916
704
1121
1405
1401
1882
1567
1864
1592
263
407
1499
1721
941
747
627
325
550
933
1332
1309
1615
1211
354
938
891
555
1931
1313
269
492
416
1772
872
1301
1141
1185
1424
173
105
949
606
1164
17
1638
342
143
230
1072
990
1021
1181
173
960
1313
493
755
259
1417
1015
981
1897
1601
813
899
1447
358
1681
1744
1858
1915
1761
285
1478
422
1408
398
1741
902
941
1690
1036
870
1899
960
1152
1979
1690
732
272
1613
314
225
1359
1832
20
1560
1878
1974
1969
564
769
1235
1985
1089
838
403
1202
162
747
359
532
587
1243
1696
316
330
1308
17
1872
1444
1991
521
285
61
1162
1832
1087
1268
1965
1511
1168
442
173
1602
854
1230
361
1234
1141
1957
861
1976
1232
1120
354
687
1499
731
210
111
564
588
502
1825
1287
556
1004
1072
1454
1927
1543
1670
1640
169
790
751
1168
571
769
1209
1117
1490
1507
1503
1177
1070
1444
405
1530
173
47
1540
1110
1313
1952
1232
1349
1433
92
936
1952
589
416
1114
1965
823
916
713
429
303
1501
1437
1628
471
134
1114
373
1951
1332
1667
742
1418
34
1776
1231
1741
1093
1454
624
0
550
970
1418
1812
1981
1416
1722
746
213
285
1804
416
1884
1011
751
134
1920
708
1031
179
1344
440
854
303
1684
1140
173
53
564
266
1702
1755
1665
86
0
686
173
1276
564
1802
1072
1044
307
1963
718
614
13
856
1148
77
101
524
1711
3
6
214
348
1877
998
1965
1743
300
1602
562
1091
1340
505
1279
258
275
272
389
1236
1875
1586
361
949
1177
1277
1527
42
1804
1774
182
250
1969
551
1750
1243
1496
835
1428
1423
527
824
346
529
802
1814
471
1825
270
1814
689
361
1323
351
1452
566
1969
1196
1283
266
1253
1877
1878
1770
1836
1960
846
1965
1342
884
860
1257
94
1394
1254
820
670
413
1560
742
187
358
648
1531
783
904
1101
1366
1874
1698
1026
501
709
1719
1069
1681
186
1654
1417
61
319
1878
285
1357
272
937
532
1249
1215
1572
314
134
308
173
1044
1965
899
173
344
1688
721
1700
51
1969
505
1584
1662
1565
403
164
1928
918
582
440
411
1319
702
808
1203
1429
415
1610
1408
370
1721
913
1921
1555
1219
1746
1771
471
1380
647
1826
104
705
986
270
1009
1401
9
1121
1268
586
349
605
1429
495
156
1022
942
232
1047
1544
793
599
813
1915
1746
1707
506
130
1529
925
1504
204
1621
1064
1408
1954
496
962
460
428
1841
1863
860
1572
1315
1287
1930
1769
1195
1654
852
1523
454
8
1376
209
195
1564
1824
1842
274
1728
1947
1721
74
931
1243
1022
568
1544
828
1285
802
1963
744
184
1513
1155
1939
1929
1615
890
631
998
761
1288
346
1206
217
1298
1812
202
1501
1183
282
1981
1268
191
981
839
464
92
497
1152
1989
1490
1877
298
247
631
1531
507
1023
268
1897
1423
937
497
1586
1285
281
1139
223
429
1670
1032
1052
1101
1627
69
162
548
1879
1718
586
1174
751
689
405
415
288
573
12
1700
1080
1775
1791
1120
900
689
1921
674
1584
346
802
1043
511
1600
1044
1177
1342
1859
692
1833
659
416
1885
739
1610
891
1249
190
70
1304
327
1306
1326
1062
1593
609
389
872
53
561
926
1770
255
1141
1260
967
746
1445
314
173
543
214
1359
1820
939
1359
173
1720
1236
1777
1297
176
1110
588
1927
202
1081
1544
209
1178
1775
581
1285
1858
1480
1408
1659
1651
501
111
1287
1416
8
1371
1768
904
998
1569
1988
748
1647
255
1651
493
184
50
1524
242
967
1498
585
1962
1477
1489
564
1260
1831
1850
1775
2
1903
995
1227
1554
235
194
811
713
680
755
1352
272
637
45
1371
432
143
1140
1062
1733
836
1217
1979
676
12
1020
1939
1897
1574
1076
1219
982
795
84
872
1663
1374
91
703
616
1911
583
1550
1368
1601
982
1499
1733
154
1182
1965
1958
604
1640
399
1777
1393
878
1544
487
1255
1926
1249
151
861
314
1799
768
1170
1441
1145
1243
443
1775
539
1323
833
614
131
1262
887
998
910
232
152
96
1477
276
1970
1039
1454
1067
1186
1495
207
746
1029
1115
142
1478
1224
1989
1134
1177
1604
1468
98
1443
272
1349
667
887
1456
457
1439
605
1152
1327
1641
1102
1841
1272
58
1110
1262
676
85
1601
322
1627
29
904
1416
1405
1490
1049
1454
405
316
1439
314
1473
1233
297
1820
970
413
1305
1347
1466
493
1690
1408
893
1044
1262
1822
99
1861
275
1036
561
751
419
8
1702
1525
1340
285
1408
1314
1243
834
95
303
1210
1310
1638
884
674
244
709
1552
1923
1120
636
211
915
1485
332
1554
1939
67
1268
1260
249
1804
1326
1533
1544
1847
1085
1527
1804
1847
651
618
1519
104
1823
232
1553
363
413
665
1601
1750
526
1164
354
1721
1267
1879
727
1529
525
1423
367
13
365
1853
1412
59
358
739
1507
1875
1878
1130
272
524
818
187
1313
877
281
1945
568
1111
564
111
354
947
1361
354
1446
73
1694
1401
1418
1417
1118
493
1111
1347
695
1686
283
428
303
1355
210
1777
1011
1687
1400
1651
1888
769
1518
773
232
221
981
613
1758
1615
1243
1890
618
1733
1319
1459
312
1989
409
640
1973
1108
621
1823
1466
1797
1263
83
1110
72
1797
895
347
61
370
995
394
782
1770
332
32
1664
1804
1413
838
1305
131
1897
375
1995
1308
1927
857
1791
1544
1662
255
173
1861
247
759
804
1945
799
510
1453
1491
149
1413
1220
2
246
968
1987
621
553
1015
2
1069
1683
1870
1933
1826
1572
1836
646
979
439
151
459
1408
264
1654
130
543
365
1797
1056
1541
1590
1503
1305
333
994
365
1927
469
1519
927
1595
816
1369
371
624
872
934
1897
1329
501
168
146
1721
924
143
161
1882
84
315
1416
751
655
116
971
348
487
1001
1354
949
533
709
1649
664
104
222
1982
510
945
118
605
144
1625
521
1613
1387
290
307
1860
174
1038
962
870
1338
187
1797
1254
1927
379
1333
57
1234
352
1640
1952
1263
1213
793
1151
508
663
1611
405
975
221
1929
292
1529
105
631
358
272
151
1821
227
1542
1631
906
1876
1408
303
813
1566
1062
1323
470
1825
493
813
222
747
1584
1752
658
469
1910
379
202
1300
1329
1893
1734
852
425
352
714
227
1346
1825
1215
502
373
1437
1462
362
820
1977
785
348
94
1784
1004
887
686
173
1213
1140
798
116
1324
134
753
326
1044
852
668
1380
1044
492
202
769
438
250
1842
1979
1287
94
272
1177
169
373
1418
564
1391
370
1131
730
1759
576
624
442
283
553
1428
1921
1298
1952
1489
105
1274
1305
437
1287
1637
1134
98
727
875
643
736
1114
1130
713
1076
1606
1308
327
47
150
1171
1168
606
1288
1319
833
1047
327
1374
162
1721
263
1810
285
483
722
990
53
1965
1780
440
192
526
906
116
564
1888
814
1572
162
911
