60 60
638 262 760 368 815 708 966 862 758 668 945 543 30 861 477 795 966 256 665 54 923 161 116 381 481 890 253 390 557 105 588 256 14 749 222 418 287 187 939 889 785 399 164 781 817 74 143 633 633 456 130 136 2 996 893 6 215 793 221 984
170 894 171 297 322 985 204 553 898 695 641 210 187 964 992 708 202 990 989 916 393 306 23 370 425 170 959 150 271 67 340 309 838 618 601 4 611 695 725 347 68 318 364 839 314 493 714 324 190 493 484 722 181 59 263 999 962 24 973 768
367 866 414 19 563 807 429 375 386 593 862 10 464 48 725 186 639 979 978 202 122 774 252 952 840 965 474 353 525 364 915 538 257 795 474 111 604 767 800 817 377 881 303 38 444 969 94 214 349 526 626 372 941 152 349 283 947 720 559 95
320 703 325 314 182 818 81 642 153 739 706 317 496 166 738 50 83 616 547 946 416 33 244 759 609 353 847 257 467 667 432 150 58 939 654 34 821 506 343 859 213 134 750 578 973 136 646 919 807 424 110 173 445 382 153 61 866 431 302 145
465 945 636 873 174 1000 535 465 984 500 706 748 326 491 281 299 482 414 924 151 116 387 842 545 983 184 643 960 512 889 347 185 92 504 279 528 801 562 889 515 370 65 805 815 794 365 712 602 680 36 778 314 373 573 722 685 288 856 498 272
789 708 734 301 980 969 349 666 183 595 873 12 486 561 793 257 334 688 281 475 296 837 513 663 690 817 366 357 281 660 354 756 961 849 419 359 945 864 177 891 888 705 461 1000 374 980 343 531 146 543 171 204 857 371 960 875 489 290 709 81
737 687 748 427 176 632 800 959 595 529 682 959 431 310 639 567 794 888 653 278 738 29 201 164 601 452 640 666 186 225 778 703 185 647 736 43 483 232 170 56 914 137 114 325 992 186 495 199 562 37 426 477 360 390 679 627 74 605 210 244
736 925 383 1 359 416 975 286 877 420 888 118 706 852 561 383 988 37 564 629 309 98 303 559 525 348 974 595 301 982 361 839 133 430 420 833 578 658 552 379 479 146 161 611 392 578 489 981 204 992 137 624 94 360 841 915 678 1 392 111
334 580 939 630 553 145 334 645 898 913 578 385 440 443 232 506 299 492 996 726 389 394 985 876 936 163 611 609 267 759 309 509 258 426 21 327 968 315 504 952 294 147 489 25 125 676 637 984 455 252 301 41 801 140 847 402 14 492 546 574
281 250 958 486 801 38 252 502 275 865 159 739 293 301 505 623 487 531 661 885 619 902 762 917 122 17 779 130 308 290 547 726 345 629 304 749 543 28 476 359 370 699 763 833 605 136 38 3 259 567 467 703 939 111 910 704 559 196 15 440
798 827 438 610 590 706 726 977 648 665 494 880 934 862 395 488 402 699 873 737 202 921 304 477 850 777 68 311 857 4 712 798 444 597 294 664 800 484 933 319 147 170 490 712 563 911 510 997 339 551 158 436 600 555 832 50 71 751 236 274
840 88 811 65 680 965 27 342 740 440 71 415 719 499 51 127 863 126 225 630 662 845 976 114 730 917 138 300 723 941 449 154 188 626 190 424 822 166 69 638 219 45 569 111 677 389 764 74 287 59 585 590 122 761 409 900 639 138 11 443
94 323 702 615 502 502 362 962 672 384 937 58 142 715 302 155 583 647 695 518 298 933 965 569 564 636 226 270 65 565 242 261 853 769 291 530 999 137 828 241 885 381 465 755 399 184 135 731 20 671 350 88 587 684 37 94 885 128 519 609
465 245 400 898 474 492 987 332 111 816 544 31 556 743 394 55 869 155 968 975 440 698 814 229 768 119 86 997 934 682 504 841 217 144 719 640 385 363 856 241 297 342 953 629 723 358 816 396 388 140 741 852 367 664 304 824 647 444 985 873
371 530 38 607 588 221 758 185 406 65 100 38 34 191 208 201 41 502 911 960 493 678 779 357 1 438 482 308 912 958 635 944 439 332 477 473 103 197 159 670 163 73 384 890 395 890 902 481 156 566 261 113 285 839 166 769 294 689 241 34
494 918 33 353 947 771 378 324 961 61 705 23 690 468 484 870 969 160 121 805 685 333 299 465 691 246 747 168 35 206 732 26 589 237 673 81 633 411 934 997 724 373 697 320 189 480 371 290 69 750 736 480 168 795 247 180 689 214 964 45
662 624 441 744 999 278 7 474 63 464 798 698 421 174 47 35 562 856 858 532 579 359 963 97 734 73 243 921 823 503 95 959 483 56 700 250 660 52 510 407 801 62 50 262 854 418 457 314 656 53 897 39 973 995 200 184 713 521 656 413
193 545 240 87 950 322 810 111 89 555 944 166 613 78 878 748 220 640 18 452 553 367 499 434 586 787 386 535 641 136 744 13 935 775 315 706 460 913 847 230 568 119 143 320 495 90 799 791 270 840 413 321 136 133 550 84 483 251 714 87
818 439 991 591 683 252 283 63 505 718 255 50 721 205 816 293 904 383 907 101 74 431 788 322 389 771 788 570 1 918 293 670 963 778 135 589 29 453 147 837 705 672 801 978 20 746 49 719 438 275 110 832 825 392 576 134 329 68 314 174
141 269 510 693 331 293 35 66 556 783 757 571 29 29 125 52 993 134 847 366 447 881 265 973 975 627 18 237 541 440 129 372 207 339 367 13 168 599 635 847 168 745 98 275 544 621 176 646 727 148 457 784 962 445 814 440 122 342 325 457
937 234 473 611 445 176 453 50 786 685 959 165 546 485 993 504 611 2 107 130 834 871 430 702 54 213 2 34 931 591 242 494 722 903 363 403 476 221 207 284 842 206 311 576 529 366 783 770 805 248 376 361 829 255 834 680 861 931 871 64
633 507 411 358 147 147 852 245 502 391 39 97 174 407 102 772 735 289 922 943 205 816 817 774 332 489 700 482 884 547 639 94 820 204 386 706 11 107 525 620 601 636 190 833 399 23 325 695 28 625 320 526 393 514 488 559 721 708 409 461
807 836 594 947 958 710 571 687 63 550 151 818 427 372 982 608 21 696 789 535 212 291 294 80 28 90 793 365 626 595 884 778 964 732 424 315 992 952 15 282 952 734 241 74 39 772 91 687 985 980 308 919 360 705 821 859 955 757 621 626
576 214 495 530 95 918 124 245 351 999 805 558 434 403 993 4 688 400 388 183 769 669 542 922 213 933 694 629 330 396 332 112 864 706 911 567 705 733 383 255 909 103 218 301 313 817 275 817 638 80 919 974 172 79 648 423 785 190 231 672
65 584 580 642 851 656 900 560 746 417 427 237 436 495 542 611 927 251 310 429 288 87 620 911 990 339 192 432 32 153 119 303 577 569 618 577 189 445 195 334 609 105 662 806 707 339 747 79 63 976 497 142 855 532 981 75 327 194 871 480
661 394 949 924 235 915 714 631 861 817 489 861 104 2 199 689 161 115 96 344 156 377 631 779 108 589 777 452 754 331 836 789 824 188 731 916 947 563 980 595 641 891 989 892 106 375 106 834 67 201 212 332 384 178 470 913 697 761 784 86
252 413 965 557 478 385 6 121 612 986 384 136 701 4 508 391 986 351 968 761 74 503 779 961 739 730 304 17 120 829 491 363 769 756 201 941 352 392 146 298 928 511 658 714 785 808 91 590 113 304 418 346 966 869 65 532 443 52 226 431
244 278 683 738 76 150 278 991 99 567 490 443 185 555 865 396 877 957 251 95 464 365 133 831 86 6 838 785 145 370 831 17 22 257 576 470 980 393 889 530 81 55 995 224 199 998 823 454 13 484 532 88 980 286 613 978 860 704 482 521
24 55 164 403 790 798 513 446 881 608 963 925 677 661 634 652 602 37 221 25 432 789 741 424 832 896 844 846 443 938 920 388 16 836 775 171 914 347 152 311 800 196 433 855 996 79 379 222 404 432 196 278 143 482 373 294 3 683 649 127
788 174 777 469 79 76 704 391 37 919 420 907 154 202 664 19 766 849 506 984 326 614 470 140 480 243 80 943 374 961 634 32 15 190 832 440 88 274 135 772 670 382 343 794 220 156 301 531 918 999 914 719 571 93 291 114 109 659 410 384
311 378 929 490 561 596 455 990 892 247 989 583 144 270 18 559 13 750 395 137 244 493 681 723 58 9 16 790 217 429 239 517 734 626 242 812 315 58 824 513 245 40 709 395 906 355 796 22 572 305 451 461 106 671 127 947 928 380 583 543
283 731 598 960 609 973 400 387 310 868 171 606 955 699 80 661 460 57 754 218 542 635 399 101 947 526 307 838 565 383 850 419 142 468 360 65 507 4 580 579 213 581 465 44 62 760 91 120 351 907 148 384 991 349 270 835 283 496 803 148
759 128 269 258 850 26 641 259 398 171 644 809 252 719 270 607 898 897 450 938 919 857 182 609 141 580 54 924 758 364 575 127 10 467 45 711 844 626 507 691 893 666 41 27 603 422 121 423 739 544 626 454 627 591 227 550 972 713 114 723
66 737 701 606 96 44 69 733 472 312 665 538 914 555 739 860 72 980 659 697 864 280 124 415 773 313 265 465 306 307 2 900 777 331 529 674 924 510 477 390 160 672 222 967 270 323 970 627 211 469 91 154 362 82 656 436 449 637 531 667
405 180 202 143 938 503 174 704 515 458 958 588 353 935 18 149 445 275 577 506 515 549 974 922 222 569 246 679 173 430 566 804 258 856 322 301 632 111 201 266 436 367 867 912 529 271 499 645 727 657 89 980 833 120 707 789 114 345 99 106
892 648 292 865 774 597 184 52 796 996 557 394 177 652 343 742 785 267 103 419 879 338 904 99 320 66 300 735 346 421 891 419 65 68 309 71 185 41 967 97 810 755 918 982 519 417 107 473 427 74 232 432 28 962 579 555 297 668 111 698
524 332 956 371 969 78 478 390 106 175 788 252 118 630 551 98 86 671 680 556 390 448 118 279 314 565 465 997 841 439 41 215 904 528 941 137 391 673 650 186 941 197 334 903 831 729 542 73 143 314 55 877 962 657 478 314 454 567 940 818
588 651 513 262 291 171 763 644 263 468 482 414 777 728 620 101 138 611 208 469 712 973 747 788 106 456 240 137 256 172 659 92 737 458 264 635 476 878 694 168 822 716 494 108 306 595 907 258 643 365 715 54 556 738 569 126 212 783 25 345
592 606 493 655 863 501 896 895 534 942 619 289 620 342 60 898 296 137 537 431 302 425 380 1000 792 132 297 671 200 776 975 746 34 2 500 967 164 320 987 874 428 678 289 431 842 858 606 692 473 349 937 750 537 518 336 729 706 630 809 816
15 164 591 507 668 2 552 810 495 791 477 858 383 45 233 549 3 491 995 123 755 208 174 998 175 874 520 244 682 850 409 667 105 395 428 661 885 235 662 281 943 11 210 673 242 596 69 762 954 516 383 446 597 314 229 753 97 382 571 612
565 776 825 456 804 703 745 64 914 267 544 861 3 151 436 59 475 15 195 785 195 109 177 470 911 449 921 823 481 489 297 535 77 26 788 815 716 786 628 639 477 855 634 629 619 734 931 872 872 633 210 21 668 906 455 515 207 992 68 714
349 206 103 547 379 909 92 177 226 406 4 35 439 60 308 193 747 893 399 401 171 791 977 118 916 394 706 193 223 136 413 922 462 151 419 984 27 281 467 538 787 207 711 705 881 859 700 274 782 95 892 239 940 433 813 833 427 844 676 922
675 575 904 846 731 753 455 751 196 208 336 597 257 734 699 888 788 48 197 841 547 994 861 165 375 649 97 726 621 444 372 836 148 643 295 187 8 558 153 723 436 971 108 761 7 718 564 478 981 849 855 920 334 744 947 907 82 500 155 377
7 60 741 617 379 776 907 490 272 823 586 463 908 941 338 623 993 550 423 175 403 437 573 451 843 17 236 492 302 112 837 527 73 796 550 496 225 86 682 671 609 322 97 83 748 334 418 179 329 359 878 788 798 43 317 645 694 799 127 950
532 912 85 783 657 892 938 698 652 88 42 499 526 901 481 222 454 312 155 435 285 631 461 587 73 994 691 530 250 903 298 852 94 605 310 75 954 386 299 424 99 164 355 641 968 435 91 351 892 215 365 699 107 473 333 101 851 883 509 336
37 703 989 464 718 893 954 60 610 234 911 293 317 271 471 842 911 515 539 356 526 520 96 867 523 584 904 463 423 673 202 630 747 416 957 437 127 135 65 450 331 901 39 314 806 374 432 618 963 605 111 180 10 457 147 752 313 43 582 112
604 774 717 927 49 70 945 84 302 642 300 292 443 673 238 36 444 468 304 166 712 341 541 711 523 578 874 405 862 478 635 474 868 40 182 375 486 328 870 640 91 114 449 907 280 380 943 803 349 966 643 963 119 400 412 878 461 271 134 149
766 820 745 556 469 366 285 186 178 422 10 955 700 412 324 262 200 635 160 448 934 629 529 466 122 294 388 37 199 838 199 675 416 250 708 512 897 595 684 516 27 923 117 798 568 314 102 347 345 627 356 167 868 957 13 47 201 512 34 280
487 539 210 47 944 230 339 807 322 227 377 467 18 34 716 125 778 197 112 711 320 123 254 921 67 650 113 791 917 758 599 943 944 856 360 802 346 262 421 174 796 277 314 67 401 180 247 738 987 503 859 11 786 313 482 870 238 872 57 747
765 749 775 934 967 571 224 393 682 587 100 290 497 38 705 267 4 469 151 124 760 83 947 254 328 377 247 981 630 499 7 858 714 763 2 607 970 330 535 403 362 325 275 650 221 876 861 810 598 303 464 154 703 10 607 599 204 234 932 6
578 310 92 234 243 211 393 681 663 599 223 289 862 749 142 212 778 944 174 122 621 607 630 722 859 751 611 499 228 893 450 645 314 708 261 81 612 192 604 477 820 559 666 98 693 760 656 355 582 487 968 535 859 15 310 15 574 170 620 164
672 806 320 389 286 859 482 873 616 621 661 346 137 199 457 562 574 647 200 760 105 626 952 863 22 936 511 186 302 560 32 204 277 734 166 284 410 847 932 278 82 656 361 320 712 116 640 250 22 619 235 967 288 826 917 388 453 828 264 69
492 405 497 154 416 684 913 739 489 962 551 64 790 980 408 628 613 46 207 518 791 679 265 339 516 701 180 377 442 632 828 629 694 687 167 948 393 725 846 727 877 722 947 237 580 629 805 636 677 63 290 773 233 428 504 492 537 871 740 181
784 831 480 493 963 503 454 647 581 245 243 332 728 732 226 980 151 87 126 796 457 668 480 553 667 809 12 881 692 151 15 499 715 631 696 716 144 982 115 823 48 849 780 67 863 437 452 936 189 969 123 775 22 342 808 789 447 545 684 533
653 774 887 348 732 230 994 168 506 525 506 869 674 916 576 331 51 789 983 602 327 10 512 44 209 195 562 952 260 285 996 306 236 832 686 248 455 684 69 583 509 918 943 489 239 337 425 266 222 373 447 1 323 123 811 153 244 323 294 787
241 965 937 363 784 256 301 107 645 573 491 260 121 545 537 646 276 45 148 684 805 886 108 104 450 308 785 149 556 953 895 227 325 334 970 189 45 442 917 667 435 393 4 118 266 855 539 734 401 755 90 831 99 7 322 315 574 477 143 932
738 930 644 154 373 987 568 887 312 285 85 448 437 987 534 8 465 492 318 757 971 487 102 316 534 797 77 251 433 113 107 598 244 657 520 637 399 537 197 690 689 689 486 534 534 376 207 151 728 31 25 124 633 416 424 11 984 691 480 346
575 240 919 322 928 505 265 215 233 873 500 495 260 71 273 88 630 912 990 593 562 299 731 443 48 688 911 480 959 55 681 178 52 239 436 530 857 892 608 154 214 360 241 703 66 794 535 440 186 229 457 968 918 992 923 663 504 588 803 885
138 456 971 167 887 372 495 118 908 480 305 74 474 331 685 947 369 858 622 957 745 250 76 528 287 675 672 381 931 315 698 532 40 762 356 381 354 805 176 871 231 391 529 421 382 619 274 432 422 857 970 226 612 185 770 730 956 940 32 351
902 46 98 796 201 932 758 438 771 539 630 910 488 688 740 117 439 200 379 225 405 116 578 38 388 975 323 973 233 357 161 423 341 286 860 801 319 505 336 175 237 906 916 951 915 48 776 471 336 227 90 655 510 368 990 306 92 310 152 622
