1000 2499 2
1 500
93 284
485 284
244 284
597 244
388 93
310 244
363 388
533 485
527 597
120 93
468 533
898 468
938 388
624 468
599 624
184 120
770 363
260 898
735 284
957 468
914 898
568 599
136 93
681 599
531 120
894 568
359 599
269 527
74 260
641 310
692 260
240 914
555 310
865 533
817 388
872 468
40 468
996 269
985 894
623 996
319 872
826 894
979 527
728 284
270 468
708 599
251 568
197 485
123 555
960 623
726 817
23 960
667 74
793 692
133 260
129 310
348 270
827 641
32 485
801 826
288 359
833 251
430 735
25 40
706 533
588 726
620 865
158 485
354 93
3 388
22 348
368 240
724 184
509 599
780 597
753 938
648 865
634 32
292 120
606 133
424 284
810 158
24 872
91 424
757 292
234 770
201 827
518 133
439 620
134 129
767 120
998 648
124 597
902 388
899 123
491 865
561 24
785 606
232 368
730 40
521 531
696 134
638 894
21 388
794 368
848 184
954 638
70 979
441 93
776 623
456 201
583 319
984 865
544 269
632 133
866 310
79 898
863 491
609 288
217 776
963 260
980 491
755 638
28 963
434 40
529 354
577 251
519 954
792 609
178 648
936 583
147 74
789 40
908 25
514 124
253 996
788 620
587 899
880 234
327 826
341 456
216 583
376 957
951 70
487 872
511 776
602 310
907 696
574 776
44 129
711 487
719 178
143 620
909 848
948 757
560 827
806 319
238 270
1 957
722 348
447 583
896 491
417 907
586 724
179 509
815 79
503 574
657 485
828 998
534 23
453 216
65 179
505 914
429 21
350 240
353 648
88 487
186 641
636 996
435 234
114 951
718 527
800 641
557 216
790 441
971 531
298 292
54 957
910 147
879 794
176 319
160 129
976 568
760 770
387 217
104 270
245 93
666 638
820 387
131 634
279 909
925 785
154 879
727 984
405 910
400 74
272 521
352 706
690 706
360 503
484 534
838 363
76 880
506 484
745 568
386 998
71 544
662 197
913 288
786 792
171 197
72 341
918 134
763 527
49 22
510 386
276 936
321 360
507 503
855 863
590 909
990 602
330 531
261 724
384 719
919 507
661 908
375 976
100 129
255 330
975 288
958 521
940 979
459 330
551 136
881 624
457 253
809 456
347 518
731 375
733 216
155 114
96 360
189 184
875 681
715 848
264 143
778 925
373 353
966 801
589 976
679 661
185 255
749 88
192 244
204 238
141 634
163 793
443 966
304 875
522 519
399 879
701 760
663 534
57 373
616 560
409 760
653 788
157 3
643 154
60 439
37 800
856 806
921 587
550 770
712 163
480 996
58 638
688 157
578 780
822 388
415 507
355 577
214 701
153 908
167 96
440 400
695 453
241 484
395 902
771 749
698 368
81 375
680 790
959 815
873 131
346 28
404 260
901 179
622 951
106 881
612 794
704 711
107 980
342 817
313 815
318 727
868 232
193 440
39 901
488 434
639 518
658 728
956 980
247 914
146 698
923 120
888 730
664 158
35 244
266 680
50 79
224 58
814 276
210 400
950 57
598 632
843 353
326 786
655 363
385 828
615 522
535 712
580 958
139 39
725 347
218 681
968 318
751 251
421 49
340 146
372 216
556 54
717 696
287 272
570 785
62 44
156 786
988 50
329 826
478 817
194 667
370 372
343 662
277 856
188 340
644 679
930 751
290 749
787 96
394 197
371 817
999 598
200 787
73 375
864 370
1000 632
995 657
581 908
381 22
113 74
627 395
295 692
830 375
633 848
941 104
301 556
366 141
233 366
242 216
768 58
278 72
626 529
130 806
541 951
961 711
246 114
905 574
26 951
312 139
798 76
16 178
378 485
220 586
937 319
885 872
403 786
99 312
646 535
223 788
845 894
876 21
450 459
675 424
825 304
973 715
142 930
202 141
640 787
7 648
324 484
766 353
676 876
84 247
758 247
530 767
773 247
791 533
618 535
119 530
66 643
669 25
239 218
702 999
576 200
152 363
187 531
887 261
52 435
274 210
13 192
741 218
502 123
807 722
283 346
883 785
83 527
227 898
982 741
209 704
118 202
983 366
769 586
935 238
389 147
36 488
320 706
857 310
45 119
567 251
140 49
538 266
229 368
78 735
584 907
628 815
970 395
969 583
613 827
127 533
922 589
162 188
263 197
101 556
148 348
824 214
736 409
811 66
437 843
243 378
784 598
408 827
803 320
528 375
611 134
374 154
438 147
323 156
271 620
674 807
267 73
122 304
912 509
92 771
190 439
939 290
322 200
212 277
603 907
737 755
168 99
594 352
392 722
765 283
390 855
467 733
382 240
479 923
559 845
492 131
249 354
569 936
126 597
380 384
861 534
764 441
349 390
345 74
625 347
464 178
836 810
720 157
962 577
890 65
689 856
465 148
299 372
710 667
309 690
504 126
112 347
68 620
15 58
649 66
471 112
972 567
917 246
132 641
762 274
723 386
225 139
226 353
383 233
137 378
418 720
215 353
177 381
716 824
344 142
19 355
406 925
398 680
257 324
258 478
289 735
294 320
196 726
994 960
682 662
280 726
854 107
275 214
947 88
43 132
697 323
942 704
5 192
617 762
671 45
707 894
734 284
427 322
282 538
256 375
102 167
149 484
254 57
474 374
9 722
293 408
740 177
933 883
546 947
108 394
739 244
175 381
273 277
591 586
637 771
228 204
893 389
946 229
317 734
362 535
987 609
95 415
444 468
870 776
203 637
364 346
654 794
172 798
222 778
358 362
38 453
169 234
436 330
895 387
236 791
651 200
59 505
473 343
642 626
314 76
647 387
235 234
461 907
891 888
410 179
743 321
635 218
125 186
897 13
862 980
442 644
89 806
495 862
512 193
181 985
174 529
523 235
847 529
466 588
27 511
207 132
53 936
300 327
47 655
500 156
426 522
592 722
105 327
992 123
775 599
840 457
934 76
448 172
41 975
547 720
673 329
335 876
499 717
678 154
20 773
46 404
170 868
455 253
64 896
915 421
884 512
422 244
517 236
650 113
33 364
296 560
699 505
572 74
98 371
85 429
334 376
900 933
61 688
752 769
816 334
738 459
97 757
311 717
539 511
837 153
86 22
305 105
308 124
339 627
819 343
195 760
10 680
926 52
540 349
691 466
483 467
94 843
573 625
165 838
920 148
709 59
904 309
953 348
393 896
943 7
213 987
558 440
494 941
69 990
687 415
87 120
993 555
759 820
230 654
365 636
452 343
205 217
526 679
619 40
67 514
672 36
150 589
199 251
579 993
892 290
832 20
303 914
911 770
48 244
944 488
77 624
416 393
729 975
470 627
56 887
501 577
211 724
428 236
420 342
967 232
536 88
159 825
138 819
652 901
489 491
596 33
164 728
630 455
543 512
629 134
906 440
742 473
659 837
582 488
110 141
748 669
191 275
446 938
684 541
248 189
2 350
605 248
516 311
498 810
842 962
82 873
777 83
357 37
145 696
852 838
548 728
823 323
871 426
614 759
75 933
463 745
297 817
4 107
774 752
332 185
965 669
281 734
882 238
51 606
337 141
952 657
401 131
867 435
268 910
423 145
221 65
402 673
135 436
6 943
128 290
621 85
821 452
333 626
931 9
761 370
524 137
878 644
469 806
991 722
338 759
932 388
670 791
585 7
412 759
328 915
325 106
396 657
818 711
413 422
411 818
796 524
886 840
802 441
144 800
286 15
705 687
795 214
849 415
18 53
391 430
964 771
458 428
746 933
945 943
685 921
608 940
721 423
593 362
291 147
772 56
513 389
520 131
571 678
80 586
744 526
432 321
694 2
161 386
977 207
686 392
12 639
756 309
927 699
306 611
116 687
916 907
804 991
433 838
656 531
564 776
151 355
799 634
493 647
259 988
302 666
732 914
361 872
565 723
208 909
454 902
610 898
683 245
549 347
316 971
477 373
331 614
55 1
554 973
831 137
219 509
496 347
978 652
481 53
747 241
231 576
974 933
575 967
419 430
595 712
600 636
90 281
542 223
431 152
336 559
29 10
703 305
860 211
472 55
851 582
545 548
315 896
834 974
829 520
981 254
103 191
903 259
869 807
660 456
525 404
486 577
42 741
955 273
553 314
850 205
924 427
11 431
668 763
451 236
782 12
532 236
121 485
508 135
462 131
367 684
604 160
183 405
797 374
928 910
497 251
115 706
379 390
206 649
425 837
445 849
700 61
17 242
476 621
563 540
180 468
111 253
607 780
812 193
839 454
754 123
846 335
808 770
844 795
109 614
63 106
929 452
14 860
482 170
173 415
858 724
449 950
31 214
779 766
783 807
198 300
665 852
781 446
877 375
989 208
813 47
805 824
460 342
377 51
307 186
631 107
356 953
182 81
835 650
693 398
490 163
34 447
265 2
552 242
30 920
117 999
874 854
8 581
714 307
414 772
285 316
397 953
369 235
677 26
601 453
351 597
645 328
537 821
986 726
713 389
750 8
475 302
562 16
407 85
889 295
949 872
262 197
997 909
853 505
237 509
841 543
252 997
166 640
566 339
515 890
859 526
250 578
381 423
935 46
619 624
575 329
407 419
567 874
508 761
937 801
749 242
86 769
383 216
492 677
58 790
979 688
313 839
92 437
303 154
857 737
666 384
319 794
308 668
713 341
815 654
893 45
63 536
273 751
664 74
72 720
759 323
760 492
665 29
696 841
730 940
657 832
706 511
231 325
215 21
450 5
484 858
688 958
71 409
582 991
785 700
979 719
643 385
281 862
920 153
394 185
129 112
229 673
74 380
32 313
197 237
106 156
693 424
946 637
74 835
399 409
353 459
730 507
784 222
818 917
993 471
138 733
639 754
685 40
402 415
185 847
618 199
512 184
987 953
104 869
626 998
541 30
522 201
235 966
524 480
742 752
522 652
670 801
632 156
139 75
644 900
488 398
562 452
869 356
637 690
184 334
857 931
198 716
521 552
461 318
442 573
680 311
161 738
827 555
368 101
952 551
657 719
323 195
759 484
126 538
547 300
132 165
73 311
265 928
735 665
434 28
529 192
762 295
73 445
321 93
7 925
937 879
923 159
667 250
405 317
829 720
805 48
913 948
535 731
174 911
591 696
678 29
733 237
294 476
75 641
613 250
932 939
329 735
526 874
218 808
756 149
379 832
809 550
304 689
771 497
706 491
202 815
269 131
1000 352
553 460
381 183
319 852
423 71
37 434
704 211
102 282
327 349
300 504
955 760
280 132
763 486
320 461
794 241
977 835
708 342
63 836
227 838
424 673
504 876
621 342
138 681
669 108
168 463
115 574
656 504
293 982
132 193
315 598
563 755
593 72
126 161
575 227
388 193
282 854
582 181
114 481
593 554
542 400
808 888
1000 814
277 922
851 433
212 144
948 41
703 995
793 590
615 151
339 542
813 211
922 913
982 224
61 454
759 402
121 612
176 538
439 266
602 559
928 921
533 468
182 853
736 251
95 909
817 676
994 789
255 230
108 941
623 770
209 915
304 688
802 270
297 312
356 131
462 361
764 169
813 237
543 858
894 893
549 992
478 962
91 297
273 308
901 626
224 692
607 247
706 338
48 109
326 632
382 321
934 769
743 816
655 298
743 901
396 892
337 606
338 257
879 913
954 382
93 938
875 157
577 859
151 685
513 570
146 649
251 297
404 642
55 280
424 31
296 516
786 516
904 255
863 441
151 985
740 956
150 734
289 889
349 193
381 25
38 774
566 473
93 988
527 136
953 994
488 693
909 701
744 838
801 931
222 57
444 822
9 271
985 104
863 258
220 731
842 913
11 322
763 365
592 29
447 859
922 436
91 112
160 97
621 495
615 350
373 380
415 249
693 859
661 73
647 650
916 996
7 297
280 443
492 677
981 301
887 943
50 14
13 750
155 168
493 543
581 726
991 95
432 217
262 711
565 392
752 217
108 442
322 108
963 157
980 983
686 799
300 207
616 775
124 594
388 503
132 326
87 422
743 346
314 624
569 875
688 26
136 772
273 880
615 218
356 3
873 341
659 650
37 918
754 647
528 228
686 981
871 234
540 843
52 794
650 78
696 479
505 322
643 281
238 127
175 990
215 573
49 923
492 533
189 697
167 757
966 871
126 649
189 395
59 21
333 391
4 788
396 107
734 152
556 784
153 261
482 623
488 356
887 588
532 677
519 428
905 992
385 582
34 303
287 228
669 853
464 746
817 189
1000 452
367 451
326 66
401 629
409 481
862 940
601 659
75 211
781 477
230 274
47 514
974 597
55 262
574 593
666 345
496 34
724 404
523 489
657 2
170 967
221 432
644 21
46 82
41 979
669 245
206 788
848 160
909 615
768 535
793 579
952 805
783 366
158 780
414 678
966 704
454 540
268 674
465 183
617 635
45 816
890 730
972 606
117 681
750 391
297 836
520 889
906 613
509 592
383 36
347 897
562 9
922 609
696 30
494 961
790 905
137 873
824 194
286 882
933 522
136 529
257 873
543 777
143 22
688 614
112 617
962 455
416 794
806 282
586 193
813 868
893 350
78 643
592 104
937 738
978 686
706 29
782 685
874 820
370 805
949 187
534 649
241 825
171 36
187 150
173 405
794 112
773 786
642 154
373 400
773 407
468 826
431 727
303 95
722 14
788 382
502 8
414 507
382 724
715 883
795 33
343 485
626 347
849 860
616 461
463 299
591 969
715 823
794 323
234 636
293 934
514 594
401 701
383 185
524 175
416 474
498 945
594 551
136 562
895 216
765 602
403 264
547 833
623 653
248 112
119 185
102 13
749 902
4 90
241 582
620 406
12 183
765 216
962 783
645 974
787 794
206 603
282 869
223 198
382 240
325 501
399 745
258 881
177 412
210 765
335 502
145 645
673 313
953 557
911 622
599 934
594 363
673 65
665 848
574 626
639 617
889 575
400 29
625 770
647 871
158 535
922 241
328 805
990 723
852 885
882 912
113 12
442 368
198 181
947 305
442 580
265 332
931 908
305 181
950 482
889 608
836 995
284 395
609 131
427 206
598 858
482 896
409 966
576 423
919 401
259 240
838 140
611 149
317 676
198 378
822 733
942 530
440 470
565 346
533 965
28 407
696 506
857 725
777 525
134 589
75 137
959 46
936 396
294 357
220 298
427 770
280 644
682 626
916 341
932 705
86 643
7 987
713 522
136 240
683 464
315 409
507 279
828 504
48 663
834 66
290 98
366 516
148 970
791 324
944 397
549 93
625 61
407 304
183 785
98 586
419 331
640 628
148 95
105 257
542 826
668 317
565 356
310 663
882 884
522 121
417 844
124 616
328 754
783 901
180 529
810 366
607 266
63 223
252 811
102 686
338 292
741 204
111 928
553 594
270 470
1000 856
437 844
518 225
48 308
720 869
201 67
206 146
525 252
979 13
942 23
534 593
754 349
362 989
844 191
64 437
555 108
398 456
379 114
564 360
122 179
360 914
840 348
988 430
730 632
137 310
136 520
196 726
396 39
90 829
800 393
223 45
653 197
875 141
915 530
298 255
48 551
672 730
802 86
648 310
104 980
762 920
851 543
235 688
138 173
67 542
373 27
344 943
174 550
874 455
198 958
702 300
589 471
10 40
824 719
831 571
445 413
437 79
938 521
130 28
560 30
930 791
534 536
389 883
452 553
71 535
233 840
818 48
20 363
107 731
342 374
1000 939
692 196
815 862
248 892
477 124
370 876
346 525
274 66
715 685
918 194
399 967
417 180
776 87
875 267
718 779
485 327
201 896
315 228
89 466
723 541
850 745
869 335
96 763
519 228
767 140
478 430
468 988
585 822
122 890
666 689
100 778
590 61
636 92
313 680
702 810
582 764
269 937
47 62
283 337
835 289
792 787
598 494
657 557
583 477
250 835
143 527
550 180
905 119
700 51
179 784
975 747
105 1
273 636
937 26
281 303
56 327
672 45
890 866
776 485
196 1
139 237
195 158
857 482
123 383
501 571
121 157
876 591
648 754
753 44
491 449
798 129
623 218
174 638
147 240
485 914
366 290
924 238
475 295
408 171
915 659
458 104
423 192
210 133
220 871
984 307
774 819
386 762
650 343
490 148
603 724
932 111
808 524
941 528
876 197
103 423
232 369
846 572
240 222
601 685
606 699
258 613
130 506
74 789
792 122
626 900
301 215
6 755
453 941
555 538
879 30
209 486
403 258
174 609
539 72
733 965
877 491
991 57
935 921
687 46
456 37
268 918
911 293
764 982
683 631
319 964
323 699
471 685
218 717
333 52
42 644
912 3
686 809
832 935
248 874
823 401
788 347
722 844
717 518
737 192
918 548
779 157
620 69
691 190
335 148
432 167
602 238
475 67
802 550
814 878
367 780
136 895
835 789
827 626
522 885
225 264
994 417
180 807
672 775
905 583
233 573
43 336
844 308
974 834
802 282
743 554
16 411
455 798
385 889
616 302
487 605
477 767
496 460
926 852
952 316
393 990
816 384
704 455
494 543
356 123
185 467
766 876
428 822
425 874
5 803
300 850
480 848
183 985
870 937
522 459
500 294
462 552
969 968
599 906
570 564
603 438
974 695
693 158
273 707
276 127
449 462
365 900
717 165
842 501
494 401
953 169
975 110
663 90
584 304
901 479
787 616
668 836
143 945
340 793
754 510
43 524
133 494
419 517
549 301
198 328
907 868
826 44
505 176
431 612
559 184
368 277
616 111
476 886
525 642
163 356
472 18
566 27
210 430
342 163
286 701
555 806
88 465
678 577
295 472
76 204
40 806
640 247
923 56
628 928
48 625
70 926
643 511
777 344
804 70
768 850
307 917
569 280
843 684
667 274
137 719
170 596
889 826
734 784
582 679
381 888
30 764
206 633
914 350
349 615
247 843
946 170
563 749
865 820
429 933
549 421
608 771
392 2
958 304
181 148
446 680
579 815
237 868
418 359
659 358
210 174
836 694
50 127
570 957
772 394
589 209
627 36
753 212
577 548
968 815
627 198
465 279
455 465
671 869
659 872
252 451
537 195
912 95
263 580
994 6
720 872
551 135
395 784
383 130
852 413
790 631
321 115
807 717
463 459
411 785
605 920
532 179
734 786
809 153
930 813
181 742
490 99
913 300
535 307
670 934
639 165
101 991
771 670
294 70
806 406
645 424
874 831
477 656
932 497
998 961
231 998
365 174
208 501
297 950
47 810
444 713
742 27
624 28
695 758
789 801
72 566
933 214
125 184
425 557
424 669
858 693
626 647
371 921
5 611
742 897
35 849
970 732
533 701
158 609
648 546
900 165
505 482
19 913
388 181
350 559
633 569
277 513
954 564
665 99
255 793
428 208
879 798
667 588
662 121
354 564
782 117
175 923
810 456
488 633
90 41
749 757
827 789
886 525
434 439
261 507
398 615
864 931
112 84
650 461
758 201
492 998
568 960
983 991
934 813
65 126
542 361
157 207
892 894
69 165
84 636
251 11
74 166
692 50
963 162
556 891
677 160
837 5
420 836
237 724
156 783
30 604
225 834
997 446
522 920
11 155
983 326
730 696
677 247
683 886
313 441
738 479
337 634
845 486
673 391
783 32
702 242
46 72
79 664
407 440
528 751
840 227
386 311
81 213
629 748
923 507
176 863
367 250
730 321
30 113
114 971
536 513
246 846
131 748
311 480
102 472
719 973
207 713
344 784
439 384
77 943
169 461
952 227
9 749
127 673
715 55
626 356
599 486
270 386
347 583
181 420
572 258
340 595
217 749
434 106
586 234
510 246
906 118
49 819
919 417
544 232
910 873
614 677
9 90
153 300
678 419
246 938
65 387
29 579
967 578
20 937
841 428
422 406
657 362
415 489
946 807
847 44
870 455
740 16
881 454
345 638
280 955
416 279
800 698
842 947
324 398
355 864
450 584
122 371
704 352
407 51
893 392
794 530
767 788
984 785
638 162
672 397
282 53
98 79
644 60
829 439
979 696
633 207
971 253
362 969
329 292
780 355
771 719
785 131
488 932
257 611
263 678
433 562
136 567
807 745
164 4
12 165
24 551
119 545
378 188
133 913
35 362
62 375
328 965
306 836
463 143
471 34
592 768
646 290
939 847
921 623
699 471
87 714
214 665
627 996
146 48
658 80
471 763
323 113
168 599
668 185
266 987
751 565
52 830
73 43
402 200
465 43
815 22
579 881
406 548
25 212
517 512
719 520
66 717
405 483
144 685
102 632
847 600
846 617
222 325
169 325
539 414
100 609
165 521
636 145
902 598
358 426
550 765
142 321
406 754
929 983
307 984
702 391
41 619
908 739
809 423
710 554
718 212
260 88
482 529
220 95
276 349
835 362
846 178
614 129
971 364
995 424
772 396
596 822
527 26
641 679
515 79
887 896
250 566
958 683
886 549
95 659
257 383
98 385
992 373
759 6
861 834
939 486
122 197
64 615
626 223
999 862
2 103
464 351
999 162
751 564
241 666
791 695
102 349
940 543
967 269
852 935
250 667
555 689
164 194
298 708
817 731
170 681
838 27
394 170
383 760
178 488
318 945
644 621
425 958
499 555
764 851
447 841
500 311
460 509
714 770
949 394
557 752
837 182
307 793
884 743
633 260
409 395
898 371
857 716
152 323
400 135
643 301
906 335
801 576
194 723
675 384
571 156
59 548
264 283
526 918
381 909
365 756
599 820
592 610
281 846
256 524
637 796
694 921
709 30
686 239
176 778
417 356
351 899
832 344
268 637
583 133
596 612
185 741
972 599
210 803
809 961
541 298
946 512
731 955
771 169
774 559
778 602
57 187
576 611
846 261
762 692
581 847
503 809
63 865
211 676
268 671
800 252
978 197
285 596
509 727
115 187
599 654
951 841
335 928
807 932
391 583
305 345
317 397
547 579
364 585
739 131
996 147
842 552
493 521
154 776
808 389
537 522
765 476
583 671
658 708
682 467
737 795
485 62
790 58
953 858
135 111
308 81
269 919
194 514
673 373
893 402
545 853
932 108
138 372
813 253
413 634
432 308
500 24
250 214
271 104
783 741
516 101
908 441
650 722
50 528
132 155
229 589
40 194
414 7
210 187
153 981
191 356
657 527
602 393
347 715
690 290
618 24
766 356
94 582
669 316
494 470
115 170
518 223
691 547
56 793
737 131
103 302
533 432
993 235
536 936
933 807
261 739
359 127
159 951
301 828
234 608
532 175
473 970
229 750
254 663
470 561
282 719
269 535
316 564
317 368
335 333
649 86
238 315
125 258
940 404
175 555
848 316
357 423
574 844
806 102
81 490
42 445
384 564
433 142
193 141
124 28
804 987
111 320
128 569
485 145
121 751
636 880
79 709
240 813
11 244
479 231
279 28
