2000 4998 3
7 1000 1999
1720 383
1705 383
1539 1720
1996 1705
1332 1720
278 1332
644 1332
389 1539
1267 1705
1255 1332
1598 383
1476 383
202 1267
1898 1598
1858 1598
297 1720
1866 297
1253 383
1821 1720
592 1705
1647 644
639 1476
1088 278
1743 1255
94 592
454 297
1129 1996
911 297
527 1255
1262 1253
80 1332
98 297
5 592
1435 1821
1502 1262
1849 1821
1644 1088
180 1088
1489 1267
501 911
295 389
889 454
287 1598
1504 1332
1185 639
1708 1647
717 454
1802 80
1373 287
633 1489
343 1708
937 1720
1503 1504
27 1502
1347 1598
1355 1503
1990 1708
951 287
547 1996
1753 1990
1769 94
1139 1255
735 389
765 1647
872 1990
496 295
1335 1088
1749 1743
879 454
1730 1502
1578 644
96 278
303 1347
339 1898
194 765
1734 96
81 1335
1671 343
556 295
1065 295
1237 1578
835 1730
980 295
791 1769
984 1705
1216 937
146 295
1419 501
1425 303
1184 1255
922 496
428 1990
1717 1578
455 556
853 96
848 1734
476 984
706 1849
1927 911
821 765
1278 146
206 639
229 343
15 96
988 206
993 1185
1533 1671
97 1533
1313 343
1961 633
1443 1262
1024 556
1548 1927
62 984
969 1749
827 969
1916 1705
1280 889
1211 592
1181 455
1822 872
1236 1139
606 496
1136 1708
1750 1548
1093 81
1266 1278
1030 1849
1512 1578
1368 1313
1392 180
317 476
908 1255
254 988
160 1211
561 1065
250 937
1159 339
929 1216
1679 1769
1695 556
661 1185
971 1355
893 94
480 735
1468 1278
1238 389
1012 278
985 1373
1380 988
1885 455
130 561
662 1750
716 1743
269 717
742 1916
798 1266
1390 1927
1172 455
1099 480
1481 1489
1260 1335
576 98
248 454
503 735
308 496
1155 971
1233 1720
362 383
648 1332
595 576
1397 362
1902 1749
635 908
1283 94
1352 202
172 980
1538 1355
1274 633
1234 848
1509 389
1667 980
1357 929
2 1397
1226 1238
60 1352
525 1012
1171 1065
280 250
121 206
1349 96
1697 1503
1733 765
724 1099
1888 96
964 1088
744 202
1083 1866
1064 648
1809 993
442 202
862 130
520 180
1029 1902
779 706
434 879
266 442
1804 1753
1485 779
546 15
1356 1476
1976 1012
1687 576
1207 1509
1692 1822
1999 1352
1371 1392
640 1233
216 229
463 1822
247 1349
255 561
58 969
609 216
330 929
357 1280
147 172
1427 97
522 1902
1574 1769
746 160
1633 1804
1877 1371
1019 576
1882 1888
1602 229
710 1679
198 1392
4 1866
1584 303
1187 1849
1686 746
867 827
1948 1990
1265 172
652 1687
1721 248
882 908
940 640
411 984
887 202
1415 1267
689 1357
1810 1253
1957 496
1746 1155
1133 1957
1910 1093
1250 1602
1269 1133
1745 1882
1089 339
1082 15
1376 216
1981 496
373 27
1369 1502
1017 287
785 1099
1295 635
281 1415
1022 476
393 62
1018 1667
1426 1250
167 1717
1297 1216
157 1266
1273 779
1629 633
451 520
665 1207
582 1539
1955 389
197 1356
1177 501
734 606
30 1948
211 1927
1947 1022
1168 1129
1670 746
514 1955
1102 1216
575 1584
150 1898
1149 1024
1340 180
950 821
739 1022
587 1266
856 1352
1306 1743
228 303
1009 835
621 1029
1815 706
813 1957
1958 1376
1767 1810
53 1136
1053 480
1428 1356
1272 1730
570 60
781 1053
1585 1468
1386 211
1127 1708
1101 287
1860 463
1125 1745
256 867
1829 1692
1688 198
1534 81
1194 206
823 609
102 1083
1451 575
963 211
1367 1168
805 317
91 1578
1327 434
1559 1679
1531 1539
1640 1029
1214 121
840 194
1552 317
1479 735
1165 765
727 102
196 1125
1300 1810
1713 922
493 963
1645 887
571 791
1967 823
1021 587
1212 971
1654 1426
220 1559
1933 648
1698 278
1011 1910
1294 228
588 442
1393 1885
1715 867
509 1481
1581 1468
1540 1644
165 1804
1061 1705
1676 1585
1458 1981
1652 1009
283 269
163 644
515 5
1471 635
272 256
1016 1686
475 1125
892 1194
265 1885
1302 980
685 1815
470 5
1934 317
1078 1829
311 1981
1037 1745
1158 1125
1589 1769
1100 1265
449 606
684 882
1439 988
981 1821
1362 216
356 1349
171 102
1827 1356
1541 1419
72 94
631 1168
859 1999
1763 856
345 1976
1873 1273
1080 662
181 330
1316 727
1555 1947
1035 1390
1557 1425
756 1670
263 1168
467 1089
1361 197
1702 206
1547 160
1703 1029
811 220
1210 1829
1145 1125
569 1332
464 197
1735 1585
16 27
647 1916
841 283
1119 848
325 1181
820 1538
531 1815
1087 556
1875 1578
683 744
350 428
61 1255
919 595
1457 1873
302 1347
403 716
773 950
578 1502
37 4
1989 1216
333 1468
1524 1265
258 1369
1819 1730
534 278
1634 1210
1257 1427
276 1645
1903 1961
983 362
829 765
1442 556
214 1101
175 1082
1658 1327
1900 1471
554 345
1862 773
48 1099
1890 1159
1879 983
1855 1250
113 640
1543 16
230 1362
1142 1809
802 428
1104 30
1013 1999
581 1158
1744 1451
997 1236
958 350
725 756
915 1335
1637 1667
1784 480
1045 94
916 1822
651 813
769 882
483 1211
1500 1207
602 1332
1008 1644
1912 1234
1714 648
949 1912
1244 1640
1128 1022
1650 194
702 1640
965 1274
1771 940
170 1958
671 1262
1124 1030
1783 1357
1245 1216
711 1647
337 1715
888 1822
1141 230
1293 1125
1774 823
318 965
1365 683
462 1485
1130 769
232 640
957 1912
92 1349
698 985
719 333
200 1771
1558 480
423 130
1619 467
141 1210
1219 1574
1992 1502
1261 644
217 1390
941 1888
1942 1439
1892 1534
1787 958
1421 665
1625 308
1480 1485
1659 283
1060 1948
155 462
1436 1280
927 546
701 343
1593 1533
133 915
1000 739
909 1671
1387 1581
902 1947
1475 1715
989 1155
1432 734
74 1035
1791 1809
1662 969
849 746
138 1021
401 211
1263 230
1878 570
1800 317
658 958
903 1640
154 276
1965 1898
766 254
555 333
1220 454
56 1294
290 1708
865 1327
816 633
1003 1629
370 362
577 1442
847 1017
697 514
397 141
88 867
436 1443
1665 1686
388 1687
731 1743
1532 1419
1005 1273
541 1124
618 865
612 1373
298 1955
1157 15
707 1593
448 684
1195 725
479 602
342 1171
1507 1625
732 1149
564 1274
1336 194
1014 1265
650 1335
1377 602
656 362
646 1397
999 609
1614 1141
1786 1078
1192 1541
1792 163
188 1216
1160 154
351 1376
116 230
1472 940
740 725
1444 1082
488 534
1937 311
1230 1145
1889 618
244 1898
407 256
721 1619
667 1882
1951 272
943 717
1259 258
364 1145
1926 1697
932 1261
249 1278
466 1260
567 1774
1284 1439
990 1705
1287 609
654 407
688 721
132 1654
444 1093
1077 462
584 1769
1410 462
1317 1439
1991 1961
1696 1715
764 805
729 1410
1755 411
221 1426
1399 130
786 220
1936 941
1044 1783
1217 1419
128 1410
693 1295
208 1444
1795 951
948 1018
513 248
24 1003
970 337
1566 1524
542 1771
408 1129
1498 208
384 1078
596 1376
1526 805
787 719
1775 175
1801 1078
1876 1269
1741 1171
511 308
41 1089
1807 451
359 862
1641 1866
1271 1598
875 1750
118 1743
678 1692
131 58
142 606
418 1555
895 449
1859 1371
245 359
212 698
1760 1410
182 384
850 1821
1570 1207
1785 1976
1331 511
736 1214
1727 428
205 1480
974 265
712 1698
1006 455
477 1873
416 1538
636 1659
871 1714
18 325
796 823
494 635
1868 1715
524 948
728 182
460 791
589 1145
1722 546
1094 1885
1027 1428
140 155
148 575
808 971
1780 727
1135 494
1925 1244
1041 494
1290 345
334 221
1642 94
374 276
1200 974
135 1355
1182 1481
1596 37
679 633
110 1245
392 951
1353 318
489 1194
955 245
277 1184
471 1428
1938 556
1622 1088
1842 1361
755 736
624 182
293 840
1728 1882
726 710
608 1077
1131 732
145 1280
1074 919
223 779
1358 1259
552 293
498 919
1493 1676
1232 1804
1204 697
1751 1016
86 658
778 651
50 142
1463 1300
1535 1570
1321 1219
754 955
979 766
1808 1715
1945 1410
677 1733
622 1008
1240 269
1639 244
1148 1679
1726 1692
312 1061
512 170
224 1650
54 1211
43 217
579 1232
1042 1041
881 163
1759 464
1069 1541
906 1593
1381 118
1572 1532
49 1125
1972 1792
1592 567
1768 208
1341 1381
1606 1421
375 49
1723 716
863 1295
526 1734
386 654
681 1030
1057 1885
306 364
122 1468
355 1353
107 513
105 345
360 228
1176 892
1408 1574
573 1027
1666 805
1615 58
923 1512
1048 1720
279 423
1179 1965
491 989
1711 584
1917 1362
1719 1204
1537 805
1364 157
1241 1131
655 1428
381 1283
40 958
792 949
1684 764
924 552
1333 1957
7 362
111 1048
195 1280
1607 1181
137 1991
235 1313
153 337
1985 624
1206 658
366 1327
1758 1686
1242 111
380 589
161 661
1551 1957
1505 980
1412 1948
1778 889
722 1827
1857 1785
1433 531
1197 56
508 1088
39 1758
630 81
1454 820
982 1910
1203 200
184 171
25 556
890 940
1682 1842
45 1093
1193 462
1307 1862
913 1727
191 1715
173 512
780 407
1669 1083
1235 1787
1354 293
47 1938
433 39
1655 1775
1601 1696
788 525
1718 1212
1513 1364
653 1080
1832 710
566 1759
353 534
603 1287
42 393
860 1442
917 337
607 1030
481 1827
559 383
1520 1088
124 180
1199 1267
730 467
1924 15
795 1176
1616 1538
1612 448
620 416
1038 541
1909 165
1209 1193
914 1822
1473 39
1896 1119
1076 1179
858 875
907 1206
1449 94
396 514
405 1053
1189 1909
1416 746
8 1671
14 1426
1997 570
372 1313
46 1165
1575 488
1813 612
942 511
1315 684
1318 1892
222 1637
1117 724
176 61
1874 1753
1288 892
371 1397
1699 1505
273 722
1761 150
420 1749
1222 24
304 396
1790 464
745 929
1198 343
807 1942
1225 1745
1935 1353
1983 165
1028 612
510 903
1729 840
1312 42
1826 1316
246 1557
301 1758
1545 1044
1276 766
747 228
1452 661
910 576
1488 197
757 455
441 1997
108 608
458 1733
810 408
797 1479
1143 1695
1246 339
772 1094
1747 1093
1580 466
824 1425
831 1859
794 15
946 1427
1055 1317
29 290
1338 1014
1706 49
1564 1862
1118 592
1825 1927
1739 30
79 1349
1754 1283
412 974
1762 1313
817 1662
267 1695
1617 879
363 1829
1964 276
565 1967
1837 1730
594 946
1403 1786
76 1485
1040 1457
1314 1652
738 1760
1113 1488
1756 1829
1107 362
1904 650
695 941
126 216
1586 875
1047 47
1944 764
1922 1327
1982 1225
682 788
601 1390
1861 228
1689 927
938 408
1973 281
1467 716
63 470
830 1211
1914 1176
828 656
956 1942
1010 829
1161 1771
169 1185
329 1917
627 652
38 405
1621 780
1856 689
1519 334
1587 1614
1308 820
115 787
1765 606
763 1165
1156 985
1020 196
771 940
1588 1219
1905 565
213 685
358 272
268 388
1871 1315
1776 1559
1320 1008
753 97
1732 1723
1052 1203
516 1762
1406 829
409 1135
1456 1454
199 1361
1431 287
843 1136
1112 1102
1609 1185
1779 798
1643 122
209 356
35 1045
845 982
215 384
344 1012
1884 1048
1556 658
1891 108
1291 1077
790 1283
1378 1210
1046 858
1494 1203
1608 1127
1150 964
705 734
548 1520
1231 281
1492 1948
77 1545
285 265
822 747
313 293
998 1721
1710 875
1901 1551
106 1533
1004 199
189 1727
1183 646
1923 244
1895 863
1672 311
1105 1728
1781 828
1974 1679
953 981
623 1142
1573 831
1823 1767
1618 711
586 503
1091 110
1846 1714
85 1804
1166 1044
1788 1655
976 764
825 1640
1521 822
1270 173
1170 911
259 1543
580 1717
90 477
523 821
1126 791
593 184
1092 1695
1523 199
1251 785
340 821
1120 587
1344 1602
1054 281
604 955
446 1609
1971 594
1277 1747
776 248
1954 841
529 170
1628 1644
815 612
299 779
572 1129
83 1198
207 705
1527 958
227 1750
507 924
533 671
676 160
1243 1756
737 1936
495 1457
583 1045
487 685
13 1093
1620 988
78 1903
296 740
185 798
615 7
1151 559
1319 1575
1405 1729
459 1749
759 1821
826 480
1420 1951
1305 1754
1511 1955
1799 542
123 652
1986 1992
891 974
236 1942
1239 1728
1766 615
73 1331
598 1183
238 1436
484 1357
1649 821
723 1011
883 1408
1839 467
1660 62
65 142
1370 1505
952 1024
390 191
1108 646
319 480
435 1759
557 18
1820 1064
758 182
1638 272
1946 1040
925 595
1508 40
377 280
64 80
66 1471
1034 1105
1218 1444
1264 1500
439 1659
1144 1598
1383 1238
767 724
700 1744
1437 985
417 924
174 845
1438 1272
68 27
1516 1124
310 1415
1063 1045
751 496
1560 797
1385 1695
445 272
1943 1242
851 1649
1563 596
1174 1376
294 1902
1395 1120
1247 779
1847 1598
324 624
52 85
1221 1078
967 583
641 1010
422 1629
1656 1687
1058 771
920 212
1597 357
186 1435
1049 612
704 875
568 175
637 976
818 941
1223 1570
1311 1378
204 1099
819 220
84 1016
1417 979
921 1241
1528 567
1782 964
395 1230
720 1048
17 220
842 1714
659 815
1309 1061
1919 1488
1940 1354
10 1058
1864 395
1215 1431
1110 1226
1323 1166
1569 700
713 989
119 1008
1930 1309
1583 557
600 888
1661 1621
643 595
1351 1800
136 213
1577 990
260 1819
1400 639
1252 602
93 107
1289 513
178 1552
22 584
1844 102
103 1485
120 1762
36 1659
1067 1020
402 1879
1797 1705
804 1947
1685 1787
1486 925
1015 1823
1811 1827
783 418
1256 1583
944 609
1196 1507
1657 169
1350 786
1366 488
271 824
1188 1563
336 685
931 883
1068 1024
696 498
686 1203
877 155
468 13
560 1399
1447 1250
1285 161
34 468
192 676
1899 1358
1956 1682
1301 662
1450 1295
203 1933
1603 375
995 1194
19 223
1812 1753
611 595
1562 1386
1867 299
1716 689
774 697
1918 483
1424 729
1880 41
415 611
762 827
1483 747
426 1896
1298 1156
1299 1729
590 995
453 1451
1836 773
1627 924
1690 259
497 835
57 1765
1887 1371
1567 555
201 412
714 1454
973 822
1928 1349
1576 604
691 342
1998 228
669 126
1852 1355
1863 891
1604 1791
855 1313
1132 618
421 1456
82 1120
1908 582
1571 923
1339 371
1709 1358
1337 1320
1111 807
261 61
1824 734
152 1215
1789 711
1391 1774
323 1058
638 1607
900 819
1712 1315
404 484
1448 1332
1681 422
1497 1112
332 1078
528 1340
1460 68
1116 1314
972 1356
505 1643
1565 1207
934 42
1146 462
836 693
610 910
1430 1219
1346 637
551 1758
1632 25
1845 787
1002 1065
399 1638
885 1287
1962 1307
538 1472
1070 1982
1495 559
461 778
1072 735
162 1425
1915 1940
1348 804
348 1146
1742 1493
1007 1946
1322 956
1725 329
284 1679
898 340
545 1022
930 173
502 1060
465 1155
129 1349
674 972
482 1454
585 887
1075 1391
328 110
718 197
833 380
1678 651
225 1400
456 524
1994 1688
44 1003
291 1158
438 1395
1833 853
1881 734
1731 1316
341 1195
1191 247
1920 1819
1805 1430
1213 689
1595 1896
1491 1366
741 135
977 65
331 438
1544 1711
1673 1075
1178 1679
1764 531
519 853
1851 1904
1582 1541
672 654
1798 1019
666 135
1121 175
857 882
1470 428
1147 82
687 255
912 546
1384 102
504 611
1445 607
237 1676
485 1766
899 1264
1978 128
443 30
945 163
837 1365
1455 533
1478 734
1683 1410
242 1371
32 957
619 737
31 542
67 1900
1310 1318
234 204
1073 1497
109 1998
1 334
894 836
1434 1269
104 1308
935 217
947 477
1382 916
1984 366
768 1287
657 1049
1893 995
1653 1041
1773 337
400 1093
539 985
954 339
806 204
1853 1633
634 1511
1501 377
1694 511
1970 1563
361 1934
978 1923
243 299
1536 1722
799 383
1635 1479
1496 108
896 1158
1529 481
1515 578
335 1926
134 1037
1591 1218
1056 306
782 244
699 652
1770 92
1296 911
289 203
645 970
1303 965
492 1509
1794 1221
1777 778
26 1540
1966 1091
777 520
1173 1769
708 1250
803 802
521 944
599 1904
1870 538
1071 1381
151 401
1835 1895
1138 1866
1872 1143
1169 1547
1814 356
1600 686
1906 1773
1464 15
1109 957
1097 1824
1286 1150
632 90
450 1332
1932 871
101 1408
1388 941
886 212
664 41
1201 885
1328 1035
1324 1076
694 856
1693 767
625 130
1051 548
2000 138
784 459
1363 1513
1959 438
305 1502
1969 1376
1404 1775
1522 780
1950 390
1032 1739
838 137
839 1473
1988 1534
100 1246
1258 475
1162 527
1254 1310
219 484
1465 1567
1202 911
1510 1352
1663 37
387 477
1396 710
1164 1888
1205 1055
424 1735
1651 454
75 1439
1103 1992
425 1676
801 52
518 1476
431 840
1911 1756
1830 820
959 645
21 48
864 485
626 431
231 415
1414 1943
322 1750
1279 1641
365 882
905 972
262 732
614 501
812 589
478 639
1175 105
55 484
876 839
861 366
680 1679
251 21
193 79
961 1578
558 1038
1090 1962
1134 879
962 342
1282 835
1865 1206
1668 325
406 1763
692 211
354 63
904 191
994 1669
367 1875
918 910
1461 1784
6 436
1624 361
1499 277
1646 310
1517 308
1554 1103
1026 1646
1098 1150
1304 1681
321 1074
563 323
869 1560
1677 1638
1610 366
789 493
673 1151
1106 397
1579 994
241 463
1096 1271
1033 736
1931 1333
628 467
1163 248
617 1239
164 374
854 795
226 421
873 831
1334 119
452 656
1648 7
1975 1211
1413 1215
996 1391
966 502
1409 965
168 283
1894 196
1568 950
1980 1651
1325 1176
960 351
1796 1172
1095 1088
844 174
159 516
440 208
675 1988
870 238
327 1432
1831 93
1446 1217
866 1534
968 1099
1474 1324
1359 728
1960 962
338 97
28 463
432 1428
1631 739
1550 1911
1611 1810
499 977
690 1750
544 1058
385 1193
1186 521
1553 702
1208 1055
715 1997
51 1761
1152 392
257 1543
933 776
1818 44
878 470
553 920
1953 1322
597 242
1398 1574
1462 1069
1939 1505
1546 281
543 1616
391 426
1963 1745
1036 366
1623 557
275 400
1081 759
158 913
114 876
286 524
1700 266
733 1215
1423 853
472 1316
210 965
1838 1618
703 1934
1330 1934
240 563
429 161
500 1603
1043 840
642 1017
33 713
1674 823
1913 213
1062 634
1772 1978
540 4
1738 65
1816 1245
591 577
117 211
1248 1868
532 1534
1490 1305
1453 85
139 883
430 842
926 1500
992 1348
239 482
1418 1433
125 1399
1039 35
233 1524
1343 1574
549 338
986 1899
1422 1792
1229 892
1724 303
1190 726
12 1427
1329 251
975 403
1140 575
1389 146
1402 409
884 637
1630 1815
748 1207
535 1651
613 1702
1469 1642
379 1649
1530 1245
670 247
99 522
1440 948
1675 779
457 996
1995 903
177 1735
530 960
1854 1242
1394 970
346 1299
20 330
605 1910
752 1922
1793 1504
743 669
649 1252
668 743
1897 975
469 873
394 4
1605 226
1736 833
1401 530
1952 1305
1817 81
127 408
536 937
1590 1102
1549 1127
166 754
282 310
1707 19
398 805
517 487
749 440
427 1096
1326 386
663 923
506 324
1518 1498
1411 619
183 1669
316 1410
1840 181
1626 442
314 945
1122 1570
382 593
95 1508
939 1573
616 1065
309 123
11 29
1869 186
1737 515
1025 938
770 1446
1249 1684
1506 420
1514 924
218 1157
320 1817
1059 1615
1907 1389
89 1034
832 1257
144 472
537 912
761 1202
1921 581
1848 1412
1275 940
1484 148
87 895
300 1637
1886 1747
1360 168
1374 869
156 428
413 38
1949 1984
1084 1715
800 641
1843 1729
1542 1409
1379 979
1740 1518
1691 899
1407 216
1079 580
490 1172
1850 430
1993 281
315 61
1224 1359
928 1738
1154 1542
1680 182
474 227
1748 1510
1704 1355
1031 1668
307 804
437 1230
1599 452
1459 1323
1525 788
347 1113
1123 1060
149 134
880 1384
1167 515
1137 262
410 105
629 581
447 1992
1228 776
1979 479
264 699
179 1391
369 496
1561 233
253 1321
1482 1984
352 1933
274 931
936 95
1968 1541
1085 1919
1477 1474
1342 1252
419 1142
9 1672
414 359
59 612
1227 1926
874 1423
1466 425
1345 1907
1153 1944
1664 1555
868 1260
1429 667
1613 1181
378 140
660 409
190 31
574 582
368 1919
1441 1715
1086 1596
1372 1999
1066 1946
814 443
292 223
270 725
1114 919
750 371
1806 38
1828 1552
1375 1876
809 387
1180 1549
187 1293
1941 17
775 260
1834 1404
1268 1726
1841 1593
69 1320
1757 974
252 1200
852 784
1023 128
1594 875
1001 1098
562 207
1281 109
473 167
987 1623
349 461
1987 453
143 215
486 104
23 1598
897 366
793 782
1115 1120
71 1012
3 387
1292 1452
901 798
709 381
1977 65
376 1602
1701 1982
846 1106
1636 1622
326 393
288 680
1883 1290
70 820
834 1318
760 1794
1929 1279
1752 1733
991 839
1050 1556
1487 695
1803 1114
112 191
550 1917
1511 1518
1067 1642
1667 468
1707 1039
1268 316
1855 386
1733 270
1985 266
1216 1858
419 1756
719 757
379 954
13 309
1822 1992
804 35
1622 1138
559 1381
268 1354
1253 1250
1519 1023
1780 1078
440 47
1517 578
1501 802
1468 1386
567 275
468 955
953 1758
1675 1467
495 956
771 215
1287 1246
1143 469
947 195
552 37
300 1944
936 48
1331 172
1229 697
1991 742
1813 1161
1655 1151
1403 1569
833 1214
479 1118
1059 1654
1580 594
878 609
1177 827
484 1486
1939 1040
598 1552
1081 868
435 1103
1973 1888
1465 990
908 549
1770 1349
169 1842
1798 34
2 509
191 41
777 802
139 876
1218 277
1111 660
1482 221
1764 1460
938 63
574 439
1308 902
977 708
1233 839
1447 453
1452 1236
502 852
374 228
421 1057
659 665
965 423
1007 634
923 1908
905 1495
1174 1741
402 34
661 399
10 1348
1843 566
1263 234
1357 1764
121 101
583 833
89 1891
41 101
806 1660
739 705
1928 1882
1489 588
364 1134
1385 1572
1241 641
743 442
1379 1101
1189 1129
903 867
206 931
273 1035
523 1964
176 1757
1282 110
1079 1571
1769 261
1291 1206
1510 367
1856 1304
1879 1918
288 266
509 136
1365 320
1833 88
573 1023
707 1325
1371 590
1142 305
788 469
1249 1163
1839 32
1727 905
1986 660
323 85
1450 90
969 1641
642 778
868 278
1947 757
1276 504
1363 588
738 1868
1256 468
1596 973
148 1512
294 1545
390 628
1159 867
714 1476
255 1807
890 914
522 1455
316 862
217 1004
446 664
362 1348
1586 696
1424 780
1806 1127
1597 1334
895 1641
459 684
942 1779
744 551
760 1281
1173 1342
217 896
561 978
807 1315
1305 983
1554 57
1759 1407
1536 355
991 123
439 925
1489 140
657 732
476 1148
996 148
114 434
394 133
228 1784
236 262
1340 814
461 1447
1412 346
265 271
23 45
1613 1114
645 1331
184 1819
242 65
1817 1795
490 331
1270 365
463 1888
1242 855
1433 744
1782 897
1975 235
1803 1719
1586 1941
930 372
720 310
1414 938
722 33
1565 1721
1331 29
884 1469
1575 1133
1113 1966
811 1780
1467 1357
768 207
1846 1904
509 981
526 1599
126 628
1573 874
191 827
695 1635
768 1246
524 354
1018 1207
1114 892
1026 1691
663 932
1354 263
1365 66
1208 1391
482 1487
467 1849
437 623
1686 1177
71 187
1446 1358
1905 750
1860 1597
1632 447
216 1837
1882 1383
1399 1648
31 769
742 610
96 1501
1979 1225
409 1366
1733 1194
992 1643
1661 712
1816 1731
1666 1917
1603 468
1057 875
1216 392
714 1872
574 1587
1569 1911
1005 262
1812 1296
1150 1879
987 1327
1438 1439
164 880
633 444
1153 1424
424 203
235 794
1324 1784
1152 1933
1777 1488
532 566
1641 1119
1007 203
285 1405
1008 1280
1196 1964
1687 587
1451 1491
657 1155
685 845
601 1367
1198 1917
1338 557
697 906
16 1847
876 1566
1898 195
861 805
1367 936
254 451
732 1226
401 1844
1641 1676
1245 1319
1184 372
988 37
1255 1090
1985 740
1517 100
1186 1864
1680 1063
1957 1721
356 358
1560 1500
278 1301
22 1688
611 160
1947 1833
1940 10
1386 1197
916 699
835 340
1511 1083
1204 338
1262 606
737 1267
1746 1789
1674 1561
621 934
1758 62
1517 282
1708 772
361 530
555 1632
429 54
1517 444
1461 1341
668 793
313 1658
557 1358
1218 1168
332 644
1057 489
888 31
1507 1043
1721 1084
864 1581
1102 1272
1054 516
635 90
1027 1657
944 48
175 915
150 816
23 1739
437 1033
1576 1346
1397 509
246 1564
525 91
120 1788
5 291
353 765
1965 1887
497 1913
696 765
1674 1019
1551 490
1311 613
1127 1774
1727 561
1334 619
453 1794
1103 1616
141 1216
1551 1663
466 697
1811 791
57 1415
974 1080
553 1269
1913 861
1848 1330
1029 106
1318 1709
1268 1935
1259 1948
58 185
1340 1234
868 1347
1649 475
555 747
1375 807
1740 271
981 418
1922 351
1363 1929
609 1506
1619 1055
924 111
1488 872
521 1519
1309 1531
220 1246
625 177
518 31
656 680
970 1795
1261 1221
477 607
262 381
1725 772
1436 1332
1803 100
460 1276
694 1722
211 600
370 1795
1497 1210
1137 540
180 837
425 1618
298 601
728 1828
1933 509
1586 1767
1649 1097
1493 265
1734 1798
826 1365
1301 1971
1832 1633
331 1895
1718 661
839 737
1742 1167
24 8
593 913
38 1165
1428 1920
1437 295
1153 1477
1832 964
18 1517
886 1699
952 749
1171 1115
852 1966
1765 1194
1083 1433
374 965
1525 434
1846 730
851 993
1487 1585
1813 899
96 1761
1109 1137
897 824
1657 1699
1790 75
6 840
1458 1455
1643 1501
1908 621
632 1166
560 1886
506 310
1980 859
1520 707
423 1694
133 1448
350 1683
1659 625
673 1885
398 385
1030 463
677 495
1372 89
1505 664
1183 879
1977 1445
1728 1246
1648 260
1685 729
1915 1174
1815 1534
1110 1062
1848 723
524 542
1806 908
856 1863
1150 1484
352 1417
1963 212
1223 744
1090 463
1149 616
1566 1744
250 956
126 502
901 845
1174 334
338 1782
858 1093
597 536
652 908
468 1784
491 452
94 28
998 207
1050 936
71 1196
491 1016
714 1208
948 1281
558 647
1936 1546
1709 1117
1403 501
897 1464
599 353
93 1122
571 450
45 1195
1853 953
575 1051
1733 1002
1635 304
1950 344
1100 518
1285 265
227 962
676 1057
622 1217
811 1427
149 1717
1617 1465
1644 1637
1344 862
985 852
421 1297
519 1821
170 543
953 930
1261 611
51 56
877 1318
1790 1009
1837 1271
562 1366
513 1681
1704 1467
1962 1001
637 641
49 1959
472 735
1050 868
694 854
1769 526
1571 1575
1557 1419
1938 285
1756 50
877 501
633 243
464 1788
1293 1082
535 1733
759 147
1974 1274
461 936
459 694
1921 686
430 1814
943 93
910 1848
1201 50
934 1212
1760 1999
565 1281
1380 1364
1199 1883
428 1076
766 812
119 237
174 1766
1967 1270
652 1205
767 52
813 874
1719 1803
1995 1044
1455 1988
535 1660
443 63
1912 1606
171 1246
1968 1004
767 1223
896 864
246 935
244 976
799 1613
1974 1739
1056 1743
1140 1272
697 1396
1983 869
1311 998
222 1794
1434 941
328 1690
1885 339
436 637
1415 1258
1591 72
506 434
660 1511
1498 839
1452 430
1324 1303
1786 183
1165 1818
1919 320
1793 1101
725 137
1924 1189
212 149
475 927
1100 318
859 982
1548 1710
246 1038
1698 1351
1956 75
423 49
1164 1648
421 931
1536 1049
120 1130
707 1402
384 288
1586 945
1241 1871
162 1507
1331 1536
1145 1082
1371 896
1143 938
135 1446
1279 1781
990 863
816 1002
708 1149
1767 1613
934 450
524 1175
1496 1491
1466 169
1189 1822
960 1625
1359 415
551 1041
2 50
1474 1231
517 772
1193 627
1140 1062
1964 717
230 1768
882 1153
325 606
758 352
465 460
38 479
1307 112
590 1069
486 1860
1733 1956
580 1895
1345 718
1189 1117
1757 814
1828 829
1165 1837
614 639
1863 220
1277 1627
1394 1571
694 1748
414 1786
536 754
1151 747
1533 420
507 754
6 1426
753 1574
1972 1561
58 1274
967 835
351 1756
1421 1621
1455 504
638 151
1725 1600
585 1434
632 1858
1646 607
212 970
482 368
77 1852
961 373
542 387
1521 1965
105 1066
5 1550
396 959
467 1907
201 700
1597 554
1537 268
1934 971
385 1390
188 350
1013 685
30 1460
481 476
1262 1629
730 60
1961 53
1521 1149
1217 765
419 307
1351 1173
1039 212
352 1030
1332 121
1294 1950
22 1577
678 1679
1291 1855
584 146
567 1805
1804 1143
1533 979
1128 324
1619 1816
1018 1511
1482 4
1210 418
1610 342
1141 565
288 866
1147 1065
1972 1058
1163 1853
1527 1622
1602 862
1823 1387
202 1321
1957 40
1393 1916
1940 685
474 494
586 1225
401 1882
1866 91
174 1079
1872 1478
1575 510
360 1072
1501 890
1185 133
422 1510
645 994
1097 97
871 345
369 1492
711 1081
1249 1519
318 1638
1577 410
1588 921
1497 1930
980 720
639 1780
984 43
725 671
780 933
418 338
115 1644
1549 446
524 1436
373 1291
1853 191
382 952
432 702
1525 1828
867 861
1832 1954
1331 536
774 1179
995 1547
883 1322
1943 1909
1568 295
105 707
1889 134
678 1398
535 1814
1403 1589
402 1628
692 1504
686 132
680 42
824 56
1676 1987
1383 1404
1377 233
1036 943
385 1166
1608 659
406 950
316 82
853 1710
42 713
550 1929
93 1368
115 1670
1627 1556
985 1274
1316 1746
139 1091
471 1098
524 1080
1493 1029
817 1309
841 1301
1734 878
1483 216
225 995
261 1321
919 1371
577 1578
1732 1955
1304 716
1392 1797
1342 935
539 1693
1865 247
629 1316
1696 1756
717 242
1954 1044
1536 702
886 1193
767 639
390 498
152 1329
28 520
1191 933
487 1081
1254 1548
1750 592
578 1407
357 28
224 779
479 1346
997 889
1603 193
1800 1524
415 1470
1633 729
1544 1894
794 132
568 860
1269 760
1471 78
1053 160
1486 1526
1517 1721
504 703
485 545
324 731
1186 1379
367 278
1061 246
520 358
60 1800
639 638
279 741
590 1841
1164 1500
233 1410
1378 1557
363 1169
294 30
1430 1946
1797 464
1368 829
149 936
4 301
1576 127
108 611
917 869
1157 210
1205 977
1629 68
212 1474
1395 1481
824 857
138 1153
149 571
1080 740
1644 1450
858 712
974 693
1313 1915
1541 605
258 243
905 174
453 1311
272 655
356 1534
771 149
909 910
395 233
1001 665
381 402
1378 1470
1553 1390
1903 95
12 1549
1629 629
1120 755
1131 1717
1859 1482
1439 1920
548 1920
661 997
846 1269
1399 1163
1112 929
471 1905
1474 1303
316 297
883 346
1403 246
587 11
1377 1299
1469 1765
1 967
1768 1670
638 1749
1194 1529
611 693
71 1712
1253 626
1341 1673
518 182
5 1371
1297 10
77 218
1361 1025
74 536
1618 287
213 549
1716 321
1267 869
1180 1221
1442 1984
119 811
427 490
1810 489
192 521
947 1766
175 1990
1705 533
641 1688
1119 907
1251 1516
1464 177
1201 536
341 1398
467 1134
1181 657
1235 1987
1803 1918
433 268
1802 744
1969 9
216 1569
517 209
120 102
1718 915
204 741
1104 1606
773 1310
665 834
1190 977
1340 811
377 929
1212 586
138 781
1712 1059
1237 177
1835 1122
93 594
1450 1430
1874 539
1583 1771
563 149
1403 338
1144 1150
675 481
922 359
1737 1415
1297 725
1161 994
707 1525
1239 1349
1744 1578
627 1169
746 346
1075 1799
1793 1846
1196 1352
346 123
1404 1838
504 1194
1424 954
350 389
1091 953
506 1569
1161 448
926 1786
500 897
1482 1037
1652 1486
1790 1576
439 1986
728 847
433 69
116 202
210 762
615 573
868 1621
1236 1441
1437 681
873 54
446 1473
994 1329
1738 1742
803 606
1267 1072
1058 15
1510 1232
1767 1568
431 1360
934 1889
940 1429
1559 1864
1983 743
592 1488
1403 304
556 1834
593 851
51 1448
878 1691
1388 1718
55 1058
846 1283
1029 517
579 57
1533 268
809 778
1787 1441
1153 952
1447 1300
360 1146
1419 1834
237 644
569 921
1361 82
689 1242
1043 846
902 911
1248 1715
433 429
174 402
1653 1192
131 1144
169 1723
990 885
1790 376
856 1051
1931 1633
333 1671
98 1737
1016 993
330 872
1684 1403
430 1042
1476 975
1164 155
1839 919
150 28
969 1811
404 845
102 1772
1462 1683
1413 1083
839 1208
1222 115
1289 573
1028 209
1656 74
1624 292
752 1777
1712 716
267 445
383 1622
704 244
365 1677
589 11
1658 885
948 1720
1405 1975
535 892
1978 1124
1459 529
1507 1470
1139 304
331 1108
230 616
518 1975
189 1893
1501 1611
1899 1614
849 620
1769 884
128 874
1075 540
1353 1196
1242 343
1660 456
397 914
1040 597
1952 1900
26 728
14 1111
1062 1113
1950 298
1624 1569
1016 190
1676 744
469 1286
1690 110
472 128
785 1764
1489 1636
609 1635
532 1553
601 1259
737 1331
1404 1727
397 653
629 1603
1025 1722
1384 1122
426 1394
342 1740
1312 1247
1064 1716
872 368
1543 1227
1219 1156
534 125
373 1640
721 59
766 597
1607 816
1669 127
84 762
1385 1007
1369 1269
1129 177
726 848
623 1974
959 510
1167 609
1777 794
227 80
39 1795
513 1696
55 1296
874 83
663 1796
711 572
1596 216
1439 1261
1442 945
369 619
487 10
275 817
69 1609
1470 379
1800 888
1855 409
298 1704
1227 88
1932 837
4 1204
1133 1434
1441 1283
246 363
542 1902
107 258
872 1952
73 1019
1725 363
143 1852
1873 1363
438 148
629 588
1077 147
1134 1514
934 484
1052 47
1708 959
630 198
1113 437
1487 294
567 48
1366 966
226 924
1636 1840
1305 697
356 895
867 1499
1021 349
1014 1235
935 695
1505 220
1659 145
1079 667
265 197
1369 1357
1089 896
1528 1178
1576 535
70 1870
987 1815
437 782
1389 160
726 1610
646 145
1085 824
1855 161
1445 1660
1994 1053
847 1402
1540 1514
1364 1465
1075 1947
1744 1284
821 1504
491 838
390 225
280 1510
1700 1739
931 630
875 1191
1022 1338
196 1110
1094 795
1811 269
1086 1126
1702 176
1064 839
872 1394
1405 1510
461 816
1765 1548
968 584
511 778
757 115
205 1579
1545 1983
1236 332
635 178
206 220
328 263
1992 1675
833 193
620 283
1462 1960
114 58
753 92
1729 994
1494 1755
391 1378
339 1002
321 1399
1189 1783
802 858
1428 1485
118 139
984 468
1159 1090
466 1144
281 1907
732 302
1573 1295
67 1330
1725 291
43 825
785 42
165 355
1338 963
379 1582
1558 256
1265 392
1072 582
709 772
705 322
1092 233
1725 1349
206 1800
1445 53
670 1119
1454 175
1040 97
1337 1090
670 1322
1499 1782
230 1616
428 376
1188 1429
1801 1912
982 1148
1490 1613
1234 1853
1974 1884
1173 1210
369 1965
1048 661
254 97
1538 627
1536 635
1277 367
1664 906
398 536
808 213
784 463
235 28
572 777
1447 1662
1245 876
1428 223
1178 965
1665 107
40 1115
487 1235
734 472
1246 1026
574 365
1426 1268
1425 1930
1559 952
735 1936
660 1996
1152 117
1328 9
228 998
387 1336
1605 1560
1708 404
1806 1251
1607 426
1289 1925
1164 584
1035 445
847 417
1245 494
1533 1633
45 1059
996 1275
1347 656
1024 91
959 66
802 302
1944 1863
1775 1198
1676 624
836 1226
857 390
35 349
682 1014
1596 417
530 774
719 1621
1203 1692
212 849
1159 1817
1548 187
672 1713
1384 1148
521 1682
1173 1159
459 1954
1902 1994
683 1377
414 754
1957 640
841 1857
868 1497
609 1722
1216 1837
1984 992
1796 494
1928 1871
375 1913
1243 1209
1783 1645
1815 462
1322 194
1888 279
481 897
308 1851
1990 1309
890 374
90 698
789 1975
1462 1416
1620 434
1233 818
62 400
1528 1983
434 1405
403 534
721 1375
1374 1682
508 781
1674 652
825 422
140 396
438 246
1337 1296
1846 1977
95 46
1057 1901
562 1797
1926 1543
1404 885
57 413
1898 615
335 183
1863 15
1714 1680
74 588
1681 1682
790 332
853 1605
515 586
1854 640
164 1393
1872 1835
1707 1805
1732 642
804 349
1168 1752
1672 1106
658 1279
1824 1823
772 1719
1974 1889
1955 51
1115 1811
158 1238
1456 1944
1186 296
1340 1529
1142 1720
1220 588
375 427
448 250
1448 1649
1382 79
1491 1270
1486 658
454 1441
1051 920
886 976
489 1911
997 1717
280 973
667 1024
432 956
1901 1367
457 1406
680 283
1566 441
1233 1856
1030 1762
292 916
169 1933
1704 1658
1855 1193
1434 610
1115 1067
676 284
1232 74
1984 653
294 336
506 1842
776 1048
385 47
1547 1597
1199 1310
581 1612
1915 1626
335 528
924 1562
1838 1585
1446 1137
156 1472
769 1474
1541 1763
715 1015
329 1307
31 305
1302 275
330 68
1461 1997
1076 1762
1906 437
1713 973
1589 1117
967 1691
1560 1029
1716 1219
1170 1848
1451 1424
1222 1318
609 1754
1488 1815
1289 1404
1199 1138
463 1662
284 392
1095 266
349 430
791 1797
1687 356
657 1316
1007 1290
1351 965
1467 705
1325 1931
1177 608
1062 1105
1006 510
546 598
1192 203
645 1114
1936 1863
545 1294
901 1124
446 1514
48 417
979 714
496 1891
84 1787
1455 937
1213 380
343 1310
1629 1722
236 1140
514 1817
1765 1682
676 1092
1479 1656
1666 1199
77 1045
840 617
1603 159
757 833
505 1213
1410 1079
915 1523
1920 1937
1526 952
1044 870
1011 621
1916 1263
206 1013
1092 839
1961 1800
481 556
947 1597
200 380
1615 305
778 635
1226 439
198 20
1009 1198
261 1618
1702 1693
103 1371
1452 407
113 1348
1723 1868
721 216
586 884
790 1967
1081 1905
1967 240
1072 1915
1417 1803
546 1957
394 1535
1450 903
392 1149
543 1016
351 430
645 1426
895 123
831 1333
15 1534
1112 520
1063 983
1567 1041
209 1974
1531 326
838 1081
1561 646
1479 1442
1101 811
1524 1748
1673 1756
7 385
374 671
1242 1926
1027 1456
237 1181
919 139
1002 1655
524 1638
1610 58
1476 1292
1245 1404
759 1143
1289 514
311 1181
775 956
1119 356
319 1647
141 590
1917 77
754 330
679 567
1155 332
67 233
1630 775
1580 1330
73 1480
108 61
1700 251
117 1212
796 1633
1775 1882
953 1990
27 1798
1235 1144
1722 1694
1162 1492
1 1366
1489 800
628 1367
1899 547
569 1878
465 1539
635 528
1515 1507
735 336
146 989
1192 1025
243 1889
720 1454
1164 1450
1469 335
511 1969
967 1368
905 1672
256 471
1094 489
121 127
1726 1614
1121 207
149 1130
587 1958
1800 523
361 1880
1960 438
1970 1128
467 1220
1755 1834
750 1005
311 431
604 514
406 310
1139 1864
221 537
1715 895
866 879
13 1786
327 1453
1398 349
1879 843
533 264
470 1375
491 746
724 1102
1897 895
345 283
1113 621
75 1631
1288 1665
634 161
606 1150
1163 274
13 858
688 1476
732 1952
1467 600
1722 318
859 660
915 1660
1410 510
1928 1496
1230 508
278 740
820 1625
1025 751
677 201
1139 161
365 1143
913 1086
1382 1874
96 481
1633 1416
993 1898
1434 1905
1157 925
1610 718
54 624
1965 1835
1012 233
751 1297
173 839
102 35
1074 644
1092 1749
1673 212
113 718
1384 1075
1799 1590
1880 1076
1495 1187
482 1768
1638 286
1142 1114
1912 198
1489 76
504 662
263 131
1077 893
1195 103
1965 1979
1487 97
1306 60
21 623
119 1197
1758 1827
854 1579
1963 985
1074 568
855 1871
1211 299
1105 1406
48 1067
1229 1687
556 102
1756 1763
1249 1892
1005 908
1218 1577
1069 1338
978 1334
1994 1287
1018 1781
436 1327
531 490
1349 1590
808 1632
596 563
503 298
384 61
686 1423
1106 300
1694 1383
1101 1180
11 1355
231 161
1635 1263
677 1600
1958 41
99 1909
1659 714
1224 1138
956 195
1441 571
206 190
82 1284
299 248
1519 1366
1580 29
588 777
51 1116
1010 1531
751 1483
1557 179
179 1186
1472 1148
589 941
1774 160
1611 1081
1997 1380
1224 68
188 865
564 1518
67 442
871 1742
1365 1940
266 1706
472 1979
1835 416
432 1199
976 1409
920 979
168 1580
397 254
1231 1119
801 1429
384 438
218 1092
1133 1104
1383 140
1783 1488
1670 195
1094 306
140 1926
1383 1220
206 631
1486 610
565 781
1464 1050
551 936
703 1492
460 603
226 255
891 1425
1178 1470
858 397
207 423
1097 1387
143 1824
52 359
190 1460
43 191
898 1674
399 1449
1535 1967
973 831
1735 952
1680 170
1091 181
451 1542
891 1055
1988 1819
357 568
1623 682
1476 1943
261 1001
1061 337
603 1847
364 1227
106 1790
56 1036
1763 1863
1614 880
1252 367
1454 657
1689 1616
376 1528
252 466
1356 1263
1656 1898
353 222
88 324
136 553
904 1586
405 1583
1093 622
1095 671
359 145
386 509
994 626
793 1580
1167 1526
376 404
1588 71
866 563
372 599
601 1490
1857 1634
1602 1060
1573 1100
1808 1737
447 1683
1546 1384
198 982
1120 1070
1408 1862
1220 1903
240 628
1154 1234
594 623
707 1485
552 880
1694 1525
130 744
1169 452
1848 354
1686 1490
383 1705
1371 424
855 1942
866 82
648 1738
292 1814
1269 1170
1785 672
1949 187
324 1139
1127 87
453 1694
518 69
1649 381
1376 1038
1026 961
1321 185
650 992
263 979
1106 640
338 360
1332 1253
1696 895
153 82
500 1494
1383 1299
917 184
1828 1912
766 1935
74 611
1022 384
1163 1256
963 370
870 1293
1623 211
1255 282
466 97
355 766
554 1548
126 1542
1887 1621
1060 337
487 1299
241 258
1808 193
1374 521
251 1560
441 532
335 1569
25 22
1069 564
1340 689
1891 281
578 353
795 1775
27 16
1876 115
708 1997
1549 144
1897 1817
1590 391
1622 247
734 917
704 136
1091 408
1490 405
379 1549
542 1495
831 384
1501 488
258 1534
440 1736
1953 723
640 971
76 229
1840 1264
1346 462
1779 577
1201 124
1354 807
1057 948
1363 501
503 140
1635 1597
918 1283
1670 218
204 1497
1088 360
291 422
214 35
1516 1572
816 1086
1816 736
1426 309
1110 1896
1098 202
904 55
967 142
584 1408
501 1918
958 81
172 1414
1190 21
653 1174
669 929
768 659
1416 1752
302 115
1728 1191
1258 1374
20 1382
1848 1936
1673 588
348 1765
196 1677
1535 1998
484 1331
1654 1234
1582 1323
1405 1687
653 1956
559 1835
900 1907
267 686
1707 744
630 85
1378 675
395 40
1377 1693
1541 1792
1979 376
1251 1018
1290 133
850 1039
659 205
1983 1434
1016 1795
1239 1409
1856 325
1067 1826
215 106
690 1134
768 1543
1983 425
1801 1658
1581 1189
1274 488
652 66
1195 1181
1656 552
363 441
430 1362
1669 163
389 918
1530 695
1922 1830
824 411
455 1264
1160 1769
670 1791
1243 562
466 1604
811 651
1947 221
891 1500
258 1954
1129 1569
556 843
1972 493
1366 1572
26 1265
969 1930
218 1010
99 125
122 845
141 831
1082 1144
1657 1529
1394 749
1353 1838
1968 1620
436 747
960 1194
1959 1792
1776 37
1093 1747
710 466
359 1157
412 615
617 1988
1140 440
1982 1178
1516 1277
680 741
1455 932
1648 1279
36 951
1270 972
1839 862
1833 1740
502 1335
1485 1740
806 333
1592 1244
1810 340
1202 939
1108 684
120 105
1409 1816
1404 1084
806 1519
1641 747
1765 216
64 641
1509 797
723 928
8 765
993 176
1303 153
1990 191
514 1686
1730 1992
1731 107
890 850
654 689
1037 558
1675 420
1995 169
1832 1807
672 1797
1994 271
570 1662
574 130
1285 303
1926 865
1857 1198
726 1844
1829 1058
1593 1835
906 854
391 1381
1402 339
1658 848
807 233
1668 1582
696 501
834 115
531 794
1334 1854
132 641
549 597
51 36
2000 1216
1562 1721
410 339
1919 290
722 325
367 1106
1497 832
1504 112
656 698
346 444
170 857
719 1666
589 1797
1066 1268
1905 640
1463 811
13 1559
1210 1699
1988 221
1047 1342
969 1125
1879 1630
246 1365
89 1721
81 1671
80 1808
1050 98
515 1984
998 1375
53 1478
908 1266
1119 687
524 1801
1437 382
1033 1798
480 1465
191 494
81 1779
1721 299
1196 401
431 920
301 1001
1512 1457
95 415
1611 1207
1279 1726
1590 1234
1594 1886
392 1262
344 380
489 327
1318 331
60 1882
1331 912
1811 1350
1521 1432
1791 1896
1258 1385
804 1069
358 772
1892 85
140 687
319 1039
9 1634
517 341
1667 1166
1739 123
573 389
1836 699
171 1297
1879 1910
1282 138
381 1363
817 928
834 1126
906 1710
490 144
1541 1051
1080 428
878 638
475 1651
1376 1211
1530 779
550 851
1239 288
5 293
59 609
1699 1665
1569 1516
42 1010
626 1135
443 875
1815 1704
1448 1260
248 1612
1960 1206
148 1784
1367 1142
137 211
96 1843
871 210
954 977
1632 529
1452 856
1680 215
909 743
1077 745
618 1281
496 1220
1987 347
386 1553
481 619
1030 296
1796 457
1074 985
1903 177
1052 710
1468 766
1600 1767
1920 430
353 797
1204 995
1391 152
1147 1820
1912 257
995 1075
451 372
662 435
770 892
1096 490
1144 545
1411 1177
1952 183
463 635
203 47
1357 860
1886 354
1249 1816
1876 379
393 1394
1136 1195
1231 885
673 68
1191 604
454 639
924 1050
1554 1305
1685 751
694 597
1495 602
1576 1116
1981 951
707 1972
955 1034
1541 746
669 547
1470 558
1539 1654
1293 1985
1722 226
217 995
951 1229
988 789
22 889
409 1222
1018 932
495 1088
855 1118
641 290
427 204
1547 285
62 248
402 1680
1602 941
1331 204
161 1846
858 1297
1541 629
861 1278
12 1755
827 104
599 195
546 879
858 857
50 1162
830 1129
1568 1009
128 1099
628 1840
1463 103
470 1537
1096 937
1461 180
1789 829
1903 728
1874 1869
1594 1509
610 29
1256 774
1653 268
646 12
190 1238
657 927
856 944
995 856
584 822
1263 1267
1053 1254
623 1533
1045 1012
267 1847
40 8
524 918
1568 1788
1230 153
1279 1810
24 373
1101 399
286 1964
446 1056
290 1503
1203 1414
1664 991
722 1285
461 889
547 1669
202 45
37 324
727 562
787 550
1402 39
1335 1561
1354 135
966 303
351 299
1112 1899
1927 84
1077 1226
1444 1627
914 434
602 321
1071 1624
1690 304
575 1125
1083 36
1689 440
1395 1617
1281 11
1202 1866
985 1699
208 405
1332 978
409 1972
1480 1077
1060 930
631 1603
972 132
1888 305
1840 178
1173 1890
1980 1900
1781 1643
1311 26
626 467
1519 876
840 236
492 590
1105 470
1418 691
1499 1833
138 1661
254 1008
1743 881
205 1480
1016 113
828 1682
1408 698
1795 827
1725 542
1958 1058
35 443
201 986
386 69
1023 1494
8 443
1877 276
708 1466
1678 1501
390 500
100 1030
1730 1838
503 1722
616 519
1260 1817
245 1295
1660 939
1353 510
722 1897
812 362
1192 1047
921 1859
1570 1520
382 1539
1864 1541
1120 275
294 1130
1269 1005
576 1964
1469 452
57 575
54 436
1070 583
1331 927
721 1174
968 1457
1036 1569
117 1046
1034 454
947 1566
1715 1231
512 1691
536 1448
579 686
1730 1098
834 725
1732 1639
133 1115
601 878
1457 1102
434 369
58 1119
1033 1324
65 606
699 628
966 856
1803 536
1474 1791
339 1454
839 1963
1333 32
1850 1736
30 511
1016 1383
940 1985
1606 1174
549 39
85 1190
475 669
921 496
496 215
138 1648
340 1997
40 644
1607 367
458 381
299 1722
979 1619
145 783
1060 442
392 514
834 1113
858 1205
1035 561
819 59
219 1578
507 767
400 1329
1152 1058
1050 500
560 1002
876 1120
1437 803
688 1581
1190 147
1 1761
138 1981
970 1557
761 280
1253 1822
1812 1387
1442 127
678 1866
1067 927
105 1287
1786 268
597 1450
1318 544
1126 1883
1812 118
1498 1850
364 501
931 9
961 441
1453 1745
99 1428
1447 1760
1719 1186
1616 942
1585 1986
490 324
620 441
1120 241
228 686
835 351
1634 239
1237 1661
1927 1260
813 1231
276 1349
1536 1307
15 660
1235 1151
1217 403
1946 391
949 1435
1645 193
105 380
1816 1193
1324 180
1928 520
1712 974
1877 548
1486 789
1442 1018
424 690
1541 139
777 221
1179 276
1015 274
429 329
1706 1444
12 1150
1101 1677
1664 867
734 874
320 364
1475 1702
1262 77
684 899
1278 224
662 1012
1072 120
1979 1180
1902 686
1874 1055
284 560
859 761
144 293
1123 1528
1481 1220
1565 874
1998 843
107 37
1845 722
1799 186
1558 954
1558 1661
867 321
678 1143
1185 27
387 643
1154 360
1216 1662
1861 1427
670 1300
923 1912
1002 478
847 496
3 488
1732 385
1118 935
1378 398
1387 711
1835 788
773 191
1725 1865
48 1159
1479 1436
624 1211
1501 268
1510 1890
365 836
95 1836
149 563
1499 1290
493 1315
1501 1109
938 63
924 1516
451 8
291 464
1646 1897
1907 1102
1135 398
451 448
457 1732
342 436
763 1849
1213 5
1801 812
1352 445
261 1985
2000 1695
1479 893
689 1799
1937 1599
418 1098
254 531
345 1119
20 223
409 1154
1580 1
523 668
931 83
1119 322
878 1637
226 124
410 218
1745 863
397 23
1565 1925
173 594
413 31
467 17
899 1006
1053 1150
1806 237
1007 1518
831 1644
1389 1749
191 1243
1439 1113
748 953
923 844
1553 923
1211 231
203 1286
881 1588
703 1787
1597 838
1924 1269
100 1412
1923 1826
1852 259
263 1489
395 378
489 746
1988 1005
1049 407
729 1694
292 1600
977 939
330 425
670 1665
1589 777
1522 879
562 1562
1909 1313
110 183
937 385
285 1903
801 1211
412 1828
168 481
1943 1848
1509 1274
1979 1113
1057 1835
412 1475
842 28
1028 290
401 1055
515 1148
1049 1601
601 1508
600 1370
714 482
1772 1264
363 283
1357 1830
436 654
1446 1419
1580 936
983 1926
412 135
973 1064
1757 1657
713 675
337 1116
509 562
370 1706
1837 1319
1622 1637
102 1282
1449 1963
1711 993
158 694
714 996
1371 190
1395 1410
1112 1973
1622 1974
1446 192
53 20
1112 694
778 752
1501 898
39 303
983 463
1984 1845
518 536
1242 1540
1621 893
1611 65
673 1487
318 980
698 1343
184 396
420 26
373 588
615 831
1490 1468
223 1631
1366 1477
1420 511
82 1820
977 1679
517 48
1970 1182
183 1077
445 647
1943 676
781 1508
1747 1331
226 764
979 513
1395 1368
218 1035
978 1929
1059 1909
401 945
1321 1045
1847 614
338 748
708 1621
1787 229
146 452
1622 1982
1268 1840
1212 1584
216 423
1742 1652
359 1740
973 1367
1269 673
787 408
1212 1709
391 9
239 1568
431 790
1776 1355
29 265
1749 365
819 115
984 1347
953 1660
762 1146
1049 1115
678 846
1220 836
128 1595
1934 200
1121 1837
696 625
691 425
1376 1238
1889 1432
1448 497
1053 983
1013 1326
1005 1136
616 947
977 1701
1823 1794
1607 33
1298 812
48 1848
733 1722
289 826
142 1700
239 463
1184 188
1609 1019
1324 328
1579 739
1237 166
543 1324
23 304
931 1743
1086 761
108 1859
997 85
1887 674
454 1806
1116 1308
217 1397
331 1594
1538 1822
742 1436
91 1896
1622 1806
1115 801
875 1468
1404 1193
626 386
1152 568
260 433
201 401
429 1155
1896 503
559 972
1177 306
1453 1157
1453 728
776 1618
84 1217
1241 1780
1843 379
1199 481
1867 710
1804 754
749 227
573 775
71 880
1626 1488
482 403
780 1513
675 1499
1458 1694
1160 1447
982 1046
280 435
671 545
408 266
270 1202
135 107
792 1155
709 13
933 437
1055 1354
280 403
1762 1126
774 276
1468 1320
1589 392
930 1518
689 422
1598 394
733 1609
999 1784
1137 1178
1340 983
1328 1145
1294 92
429 1717
1687 1958
20 1607
331 121
507 365
1431 1220
520 1625
992 1837
1197 1510
42 1282
1383 705
1612 915
1142 1100
1860 602
1978 491
652 1731
1204 1306
951 617
1868 1429
428 1978
323 1351
553 699
98 508
68 1909
122 170
720 553
505 579
238 951
120 699
768 1256
1374 1233
787 1655
641 1584
1404 175
1016 193
1974 1004
1941 1137
1295 348
1951 1703
80 910
1036 1825
1927 35
1129 1037
1861 471
1835 362
1427 2
839 307
821 1811
1891 94
