1000 2000
85 715
354 715
326 645
246 932
111 906
244 914
494 763
94 759
271 621
404 502
8 690
478 800
220 536
75 907
385 619
472 620
356 522
224 879
395 949
209 816
227 518
490 669
277 755
356 560
333 988
481 689
12 580
380 919
46 564
415 976
11 733
83 783
373 676
206 749
78 596
341 520
241 944
420 621
39 900
102 607
345 997
412 958
337 887
487 891
460 798
374 537
63 787
244 787
424 699
103 675
473 575
455 775
210 650
187 989
232 757
198 663
249 698
137 514
428 548
82 868
367 754
2 752
36 782
307 884
268 614
293 812
164 785
319 558
93 843
88 821
179 927
475 671
178 891
306 977
157 626
53 587
34 973
417 590
398 720
192 582
350 519
347 767
461 837
491 624
209 970
84 993
380 803
8 953
178 752
260 693
342 627
480 949
126 584
288 536
225 913
209 897
380 748
30 929
148 527
437 633
338 649
18 715
128 588
202 536
446 674
331 961
75 578
382 873
246 526
130 572
491 833
270 967
374 746
15 988
109 961
430 688
408 579
452 689
308 896
219 749
298 963
435 745
158 572
274 802
142 572
394 870
6 696
351 565
489 867
13 636
304 667
330 628
437 990
300 716
132 850
208 885
491 916
464 571
69 573
49 704
49 596
13 829
229 903
73 537
445 561
336 645
65 656
276 983
167 703
253 955
113 819
86 593
95 940
194 604
364 882
282 888
24 810
364 759
448 882
397 530
405 976
5 699
238 943
33 704
392 791
90 938
365 620
130 994
357 810
161 882
22 626
200 580
159 872
462 652
419 758
412 782
251 986
294 551
280 808
31 761
305 877
166 996
265 659
150 859
320 770
389 788
98 533
316 918
167 604
182 534
163 837
216 556
445 539
334 538
321 917
414 890
230 759
319 985
11 849
331 862
227 742
265 763
200 949
206 537
116 513
25 839
223 522
127 642
361 802
419 708
371 719
234 909
122 705
198 668
250 617
324 969
494 836
44 520
246 589
252 691
368 810
456 611
400 731
321 824
389 818
343 875
440 811
358 920
350 635
126 747
470 756
198 657
315 696
423 769
494 865
466 504
83 661
104 660
449 701
367 575
47 784
90 541
268 655
318 984
193 881
381 737
56 990
86 861
222 606
348 672
191 829
298 849
97 634
42 988
15 665
264 631
484 933
496 579
461 849
260 603
123 807
353 643
367 695
81 982
202 740
206 724
236 816
341 644
343 590
342 697
319 640
51 597
500 992
111 518
180 915
323 979
447 861
189 510
39 757
297 521
204 812
226 859
231 623
4 983
279 576
49 999
159 598
233 690
458 502
190 586
70 793
406 967
422 722
272 931
26 659
97 714
207 952
283 626
116 795
411 922
432 800
474 740
453 906
10 838
299 538
42 724
461 927
383 889
337 597
78 531
255 918
270 811
275 818
252 742
348 910
347 674
79 639
79 681
148 653
328 822
5 956
414 537
343 535
96 763
51 848
425 598
185 639
181 531
83 520
300 754
141 849
405 835
205 581
17 554
120 977
184 776
129 710
102 854
100 873
489 769
217 541
167 924
113 610
258 521
373 681
311 773
325 822
330 590
11 864
189 753
245 583
443 936
227 914
10 965
144 848
29 612
349 899
332 963
316 774
310 966
58 997
159 700
108 983
238 980
357 907
188 506
468 681
89 815
136 811
13 887
193 832
384 583
94 977
499 775
257 952
212 606
116 764
285 647
398 731
379 893
452 989
186 966
43 623
208 807
92 681
277 844
418 944
186 794
68 514
467 717
489 798
387 514
341 879
108 880
55 609
475 773
268 690
459 764
152 563
83 623
340 718
315 829
238 895
254 885
98 834
109 630
95 721
424 694
114 751
245 636
21 776
440 735
106 519
405 922
173 801
226 912
155 878
72 875
113 582
193 573
202 517
2 899
341 944
298 652
296 927
235 601
249 617
446 876
284 916
392 748
345 529
14 690
470 924
68 756
171 737
182 700
289 822
230 807
368 855
37 944
132 885
54 692
336 629
376 901
235 906
64 976
458 602
305 935
171 956
435 540
382 658
128 825
67 575
385 926
479 636
54 850
316 652
331 612
264 606
69 755
395 866
254 612
17 852
462 672
472 833
268 689
5 599
432 573
146 530
135 857
423 712
31 564
388 951
309 836
262 511
372 620
305 861
228 750
257 776
493 781
192 722
326 511
326 987
188 574
178 706
387 728
326 832
234 869
264 801
115 725
405 620
11 937
330 960
233 932
114 897
301 962
299 884
45 677
251 580
85 507
410 639
168 855
169 654
111 994
25 734
96 604
78 506
320 581
434 579
114 783
58 586
274 830
60 822
208 563
390 564
105 859
359 607
276 510
44 900
125 613
307 791
50 626
105 722
296 904
419 976
267 858
340 917
5 705
155 992
163 913
468 852
184 953
402 714
18 796
256 524
457 707
395 913
297 747
94 520
475 828
41 899
494 632
398 742
369 635
272 923
84 649
175 690
340 752
336 636
200 970
411 651
28 560
148 800
47 750
167 921
406 571
386 870
77 660
158 700
58 639
339 847
227 965
119 526
192 882
443 924
218 763
354 555
322 998
243 612
285 953
187 872
102 524
254 821
156 812
170 723
96 895
468 510
218 758
103 584
17 612
110 585
445 994
173 507
342 897
119 936
334 994
231 628
378 682
271 934
193 598
144 859
305 961
426 593
355 689
246 574
169 689
457 963
434 834
75 648
348 885
396 857
347 877
494 541
451 530
126 869
156 668
287 695
421 1000
401 586
370 703
15 821
296 640
470 637
109 907
314 893
381 619
405 563
447 513
458 608
422 694
98 756
334 860
341 764
109 997
86 836
462 721
195 840
476 651
395 567
266 698
25 571
366 503
387 548
85 733
57 891
243 525
39 826
168 557
91 762
299 652
335 729
447 865
150 712
393 701
487 874
284 560
143 679
3 860
210 928
406 950
132 738
321 965
161 952
360 636
434 679
70 772
177 834
480 823
181 605
324 583
420 547
143 907
402 583
2 996
175 523
86 905
178 855
110 759
13 522
412 515
89 667
294 850
284 619
435 566
434 666
319 868
87 811
390 602
50 589
476 875
158 712
130 668
111 873
203 697
406 907
438 652
382 976
374 522
125 654
165 617
156 921
222 895
448 597
490 543
317 994
461 971
238 736
365 855
479 902
94 596
369 816
225 526
451 695
467 750
44 962
366 785
250 964
466 978
86 919
281 966
62 816
412 505
370 893
16 659
267 573
370 826
1 823
455 533
447 987
495 992
226 547
294 709
187 811
443 704
404 726
251 884
136 596
290 653
328 891
498 616
155 536
475 967
73 582
471 711
335 661
286 634
394 681
201 776
382 560
189 774
262 527
467 541
329 604
455 624
236 675
242 650
264 929
124 837
283 743
144 895
100 852
293 662
163 816
302 882
248 774
216 886
118 824
460 976
446 636
105 844
92 777
271 992
464 585
49 984
371 595
136 927
385 747
217 806
274 639
128 758
132 545
444 810
330 915
322 967
60 935
151 789
496 533
105 776
88 857
6 762
395 784
260 997
409 901
327 622
328 721
358 715
351 934
346 704
134 817
355 593
221 599
8 865
150 996
193 714
101 957
344 837
134 977
370 823
341 939
204 752
145 801
376 958
119 531
344 686
129 692
492 675
272 720
263 530
136 848
83 990
459 620
443 596
53 672
336 908
465 616
88 895
298 589
162 805
270 870
471 846
310 544
18 990
27 935
345 747
424 941
291 808
94 587
492 704
193 921
155 738
403 522
85 575
96 980
301 695
330 821
230 585
207 911
493 697
176 561
345 843
105 830
264 925
92 551
59 673
21 559
495 696
410 835
173 782
206 908
374 745
140 544
416 873
469 706
28 885
393 1000
468 769
295 629
76 684
265 756
46 664
432 552
234 704
211 836
232 918
246 890
145 953
317 911
30 711
125 830
466 528
396 907
380 863
295 636
124 742
135 640
294 908
287 719
120 900
481 974
378 899
223 695
458 676
456 985
450 964
414 598
161 686
431 904
146 888
422 645
351 729
14 993
323 547
141 536
341 561
465 755
485 835
241 664
405 932
498 717
169 700
117 770
133 539
401 935
72 591
280 884
477 540
103 691
322 708
272 781
495 985
263 705
252 555
463 765
386 961
75 545
412 817
205 985
496 867
494 980
253 598
214 908
117 617
142 919
106 510
87 833
374 604
27 671
307 704
307 857
377 602
291 557
475 706
145 930
48 923
299 969
138 950
391 972
19 853
388 927
436 626
470 749
409 697
217 677
32 692
245 881
335 640
13 511
277 959
66 517
496 749
283 988
302 699
162 985
362 738
364 887
466 542
298 937
139 918
322 852
26 635
381 663
158 595
369 522
68 992
306 959
87 792
19 924
136 762
435 583
199 816
268 616
405 513
43 633
222 856
327 901
45 907
269 678
195 743
244 902
467 629
37 749
497 825
379 936
175 625
273 841
173 612
1 581
409 745
363 832
326 828
203 986
298 585
1 772
8 746
133 982
470 537
74 593
134 925
21 572
330 968
337 795
115 745
472 827
326 926
104 604
483 688
437 748
161 527
443 574
67 832
179 645
215 844
489 644
153 685
198 690
107 945
420 808
94 948
435 946
175 947
282 517
449 902
137 626
271 633
326 778
296 930
209 613
331 807
162 674
80 783
5 881
311 525
294 519
410 736
81 753
345 717
233 934
269 580
426 995
266 724
224 851
331 617
76 772
447 765
279 522
175 747
61 985
286 758
219 664
136 719
480 564
146 960
10 635
127 657
241 922
345 596
35 669
172 737
373 825
177 727
90 865
441 724
184 856
421 748
114 916
334 763
96 1000
309 917
125 870
314 752
441 813
41 693
88 540
181 953
77 914
229 893
290 940
150 783
464 945
243 697
162 542
102 694
159 793
315 920
115 767
30 905
166 692
154 847
275 908
166 808
89 837
388 501
199 656
229 559
407 891
427 587
351 869
371 538
16 606
122 856
346 974
221 537
499 815
349 704
82 819
105 540
227 509
292 541
401 957
348 752
209 814
18 569
248 852
221 962
303 602
71 900
334 935
2 530
290 876
331 876
177 566
400 601
159 898
320 970
321 889
443 904
264 550
153 591
211 683
369 703
35 868
303 633
393 787
277 732
216 657
482 829
21 723
114 527
67 657
461 748
327 854
236 934
40 649
332 868
412 775
180 697
365 823
273 966
47 808
440 519
160 616
246 635
390 718
449 550
438 956
189 505
174 783
495 722
9 944
459 870
356 838
73 916
160 678
64 728
201 553
74 680
31 603
74 875
95 567
235 969
328 808
412 729
261 562
133 729
290 789
82 574
19 908
185 539
223 542
146 905
192 831
142 960
438 907
37 610
187 618
306 757
246 978
167 593
248 646
33 933
158 593
223 952
393 578
221 811
213 512
335 945
142 906
282 638
100 700
316 697
277 725
335 582
448 823
408 941
434 620
45 989
409 728
231 688
370 733
64 972
290 989
434 913
471 655
318 561
138 605
100 845
330 860
51 534
119 502
329 817
173 983
22 966
239 888
51 783
418 670
272 762
314 761
475 564
430 611
154 903
487 811
409 725
2 683
372 818
322 984
440 986
234 970
467 999
68 724
15 925
473 627
264 768
446 740
413 999
101 727
410 569
141 605
468 963
72 918
127 572
77 994
153 691
411 873
95 790
200 940
260 751
465 516
385 786
63 936
126 711
292 924
43 729
56 684
84 684
234 618
475 757
299 992
399 803
342 894
252 592
62 690
21 798
23 697
324 505
272 945
471 567
5 838
407 595
149 859
139 649
170 808
278 879
475 575
359 626
413 959
277 642
163 842
200 870
268 501
191 515
309 889
353 971
453 856
213 740
191 552
308 770
152 557
167 666
19 968
264 733
240 861
146 706
114 541
34 622
15 506
65 915
38 517
249 867
366 734
336 801
485 657
470 705
414 714
208 923
221 843
470 921
81 577
448 986
318 555
291 603
273 979
303 932
47 817
128 755
182 625
114 866
44 518
365 537
216 615
380 693
201 510
483 939
126 667
263 849
217 909
406 906
67 580
280 536
233 723
320 620
6 778
78 974
53 559
498 752
495 979
230 547
42 808
255 525
494 730
1 640
386 588
400 988
60 616
309 884
76 969
52 877
267 935
153 656
338 882
270 741
118 623
472 535
4 798
411 724
145 752
461 863
311 743
235 787
111 847
439 834
440 812
492 793
302 685
474 914
459 919
342 925
174 638
310 743
176 824
417 790
284 753
444 522
457 965
387 575
104 804
172 776
44 924
172 658
81 708
154 767
407 779
62 546
470 787
472 700
395 957
122 826
149 754
235 692
317 914
475 802
11 593
45 596
421 695
12 879
458 700
96 543
500 821
242 677
311 720
423 794
422 942
213 591
236 530
404 564
132 772
156 547
446 952
204 924
114 677
481 676
399 554
124 927
413 525
424 594
28 513
99 735
316 682
37 560
130 955
138 858
360 940
183 539
90 740
355 961
498 585
285 533
146 709
93 979
192 531
381 571
242 831
31 890
335 732
471 524
71 783
52 647
38 881
30 755
480 616
53 859
244 921
81 603
428 700
318 907
340 790
387 600
168 775
414 695
420 954
493 637
13 943
30 533
258 950
7 527
493 724
150 737
282 998
450 587
218 893
392 815
80 507
228 594
372 770
240 892
95 886
440 964
184 759
468 739
162 964
424 825
64 575
346 820
488 740
322 800
213 848
57 995
27 922
59 614
141 546
372 814
179 569
379 531
329 785
441 984
361 639
395 921
195 992
44 983
393 542
65 569
440 990
177 995
402 588
500 593
491 865
165 550
298 554
468 582
327 797
417 691
27 932
311 579
9 960
352 904
61 692
306 810
176 847
322 563
484 978
218 726
445 764
382 937
130 511
101 637
293 516
379 878
388 612
472 868
425 868
57 585
93 669
212 904
97 728
474 591
185 846
125 907
203 730
135 696
192 568
289 708
318 931
70 682
307 989
49 684
184 744
477 899
416 967
496 933
298 717
306 732
175 567
114 776
369 920
306 598
37 662
122 534
403 733
456 747
334 614
344 902
470 956
103 619
225 881
360 880
38 804
293 821
321 537
14 985
105 945
402 731
83 579
327 607
216 931
200 628
449 676
204 519
451 984
421 617
284 821
53 881
171 839
489 711
136 641
303 814
103 649
375 945
353 888
456 577
304 728
57 966
408 558
296 991
483 922
267 970
167 590
227 890
288 710
358 537
324 959
442 516
275 791
105 784
440 629
365 873
81 747
236 993
436 796
138 563
469 944
270 875
170 601
221 856
270 943
384 795
361 986
488 776
338 507
123 838
387 926
385 970
316 887
151 983
134 912
2 743
255 531
294 586
471 526
44 974
372 914
357 965
450 898
396 733
400 789
278 514
223 583
176 705
136 528
364 664
345 766
282 583
69 591
44 873
235 879
429 768
230 886
361 906
367 960
412 705
408 801
257 672
24 557
87 506
143 625
173 600
307 687
255 963
148 673
379 693
353 860
303 573
476 856
160 910
45 776
496 825
265 942
313 746
267 862
441 587
77 929
163 793
419 598
160 820
51 923
229 666
160 850
364 532
171 993
482 659
209 749
301 693
139 573
140 780
367 648
389 745
60 925
94 785
276 573
104 657
95 509
33 740
362 900
147 817
113 949
327 537
392 886
234 990
270 978
100 770
137 613
477 892
260 612
51 536
260 692
93 879
157 825
207 711
447 565
126 589
365 808
62 754
115 778
107 881
219 794
218 945
93 971
189 766
60 685
44 759
297 628
367 590
390 869
436 726
138 512
148 702
339 665
32 857
12 665
315 573
413 955
430 735
306 712
116 565
327 731
138 688
119 673
169 577
70 742
58 700
425 544
203 998
325 855
375 880
443 557
207 849
393 603
393 761
438 733
326 962
52 882
4 642
300 802
269 539
332 653
45 986
190 681
366 891
304 668
162 860
5 955
23 554
457 640
141 538
37 746
150 605
109 758
279 920
26 941
277 832
24 775
425 806
305 624
117 701
435 884
411 647
140 923
20 598
492 745
163 960
115 840
66 642
468 688
457 645
62 885
271 687
186 929
141 857
382 926
86 772
55 645
442 852
470 724
211 527
494 731
374 596
460 538
174 637
402 989
241 843
402 723
473 799
47 699
211 789
166 634
363 938
489 907
500 728
415 785
220 691
72 895
495 928
19 974
274 555
293 965
349 612
57 987
212 748
332 523
60 620
330 857
496 952
399 621
424 640
82 544
173 696
127 962
190 641
453 808
32 636
373 788
239 812
82 998
296 731
205 561
300 551
275 575
134 744
441 548
14 855
221 600
22 713
369 511
237 788
387 824
296 798
196 990
37 831
437 581
348 933
134 539
43 629
323 709
477 555
381 988
473 727
308 565
130 595
52 739
14 558
374 748
433 918
412 634
458 919
117 631
19 918
117 540
61 969
24 751
297 779
12 509
356 818
214 647
464 864
198 622
427 689
386 943
192 543
399 905
308 783
304 639
219 810
79 927
268 702
266 754
222 888
7 588
301 967
269 786
77 551
132 789
140 597
495 754
381 746
431 896
270 966
88 537
284 949
295 980
95 578
198 542
276 738
336 517
115 564
412 762
282 608
149 808
262 607
464 842
291 820
250 539
433 851
127 973
374 944
22 981
164 874
214 763
236 775
26 783
323 693
67 737
439 687
53 777
319 984
284 685
17 917
59 946
254 619
200 679
80 628
52 649
119 830
417 734
71 732
388 900
59 892
419 688
395 542
452 638
200 865
500 738
213 597
324 865
425 621
78 923
24 896
356 752
117 658
113 974
253 591
89 700
139 830
104 603
47 626
418 976
433 708
375 943
226 913
473 815
279 910
284 879
11 867
183 506
111 622
337 998
494 968
322 814
164 863
427 933
41 846
413 986
23 737
494 988
387 767
121 747
174 837
68 705
286 885
331 776
429 734
8 912
37 982
238 643
197 632
10 659
173 689
208 781
280 649
77 734
17 641
454 727
184 909
113 891
462 976
499 978
47 637
449 899
338 855
251 821
495 750
464 972
172 789
