2000 3001
982 1930
144 1249
25 1628
458 1189
719 1124
758 1668
900 1354
812 1911
82 1238
276 1983
51 1328
1000 1616
184 1955
566 1702
751 1947
441 1726
905 1050
591 1903
22 1604
271 1319
432 1195
185 1871
115 1597
544 1961
747 1793
985 1974
580 1063
716 1335
628 1343
265 1189
980 1403
320 1923
800 1892
978 1980
667 1528
146 1287
846 1278
684 1709
190 1443
51 1351
545 1923
34 1430
948 1258
519 1292
530 1904
420 1407
677 1947
939 1190
315 1577
383 1407
597 1026
305 1590
610 1575
557 1540
444 1776
690 1921
541 1438
91 1093
455 1365
101 1443
800 1413
60 1952
862 1976
202 1525
245 1411
7 1099
470 1917
199 1176
31 1560
386 1358
184 1337
932 1366
645 1196
455 1038
65 1549
138 1816
798 1663
757 1207
672 1711
104 1054
200 1421
125 1848
152 1944
602 1472
45 1867
123 1511
725 1537
139 1599
292 1701
762 1879
485 1488
745 1068
659 1732
363 1978
803 1114
840 1828
624 1266
966 1123
19 1192
513 1359
650 1066
349 1100
176 1645
709 1612
445 1717
276 1182
43 1079
991 1196
361 1696
121 1222
548 1262
499 1887
70 1185
24 1283
771 1100
595 1482
634 1213
413 1353
121 1753
930 1948
538 1855
185 1040
244 1387
862 1870
640 1034
211 1209
772 1502
651 1392
51 1769
706 1736
430 1476
260 1255
911 1237
116 1273
945 1067
954 1682
580 1162
183 1911
985 1662
327 1059
31 1511
163 1619
287 1044
868 1499
718 1031
284 1785
787 1005
221 1648
832 1464
867 1678
239 1454
548 1441
144 1364
351 1266
885 1995
838 1706
10 1720
389 1623
656 1110
180 1867
822 1978
915 1636
565 1663
371 1286
869 1865
526 1270
193 1266
285 1539
163 1357
859 1814
523 1508
714 1512
837 1140
998 1552
196 1512
416 1352
896 1897
780 1080
397 1682
672 1540
200 1724
166 1088
52 1944
389 1347
242 1056
531 1538
993 1871
157 1202
572 1371
886 1976
613 1001
540 1329
787 1785
23 1117
972 1519
703 1053
827 1648
846 1067
101 1585
69 1944
183 1264
517 1311
961 1321
932 1935
422 1589
638 1539
758 1563
341 1330
994 1693
965 1812
745 1054
924 1240
821 1525
668 1976
330 1696
289 1004
245 1249
59 1121
949 1323
306 1911
25 1960
324 1116
106 1929
456 1845
341 1941
180 1164
489 1292
425 1404
363 1144
833 1414
315 1241
555 1233
900 1637
983 1934
384 1926
42 1476
974 1287
527 1556
223 1096
132 1843
245 1770
318 1570
143 1456
51 1264
250 1840
157 1117
573 1493
335 1821
171 1517
386 1071
691 1348
212 1390
136 1937
684 1597
917 1470
445 1646
552 1050
405 1703
470 1828
873 1687
451 1370
214 1293
705 1011
959 1084
119 1159
864 1465
772 1797
82 1223
577 1484
811 1652
274 1645
129 1022
781 1943
166 1600
807 1311
551 1246
601 1706
204 1956
812 1346
757 1408
460 1571
734 1180
795 1416
684 1940
463 1570
819 1843
436 1269
797 1890
214 1802
251 1231
659 1543
277 1699
299 1587
48 1617
950 1246
626 1568
248 1364
472 1818
827 1382
127 1595
767 1234
357 1426
384 1132
989 1755
142 1048
564 1620
517 1316
667 1796
112 1130
827 1697
522 1732
940 1239
406 1134
105 1382
518 1665
760 1268
13 1010
170 1453
829 1344
162 1496
964 1168
521 1613
165 1724
103 1268
380 1124
488 1175
180 1732
87 1712
514 1685
261 1703
456 1551
462 1334
715 1804
592 1330
234 1868
185 1762
880 1653
52 1629
127 1372
72 1011
847 1543
554 1988
946 1423
642 1978
344 1976
441 1786
750 1097
237 1877
823 1994
418 1271
44 1584
352 1629
574 1280
151 1743
928 1336
949 1409
524 1099
927 1031
707 1359
551 1075
162 1454
976 1835
942 1013
463 1675
395 1435
76 1370
635 1029
876 1493
399 1218
296 1113
628 1576
813 1926
174 1957
290 1658
113 1043
476 1837
208 1324
414 1853
187 1466
243 1170
66 1020
117 1198
267 1432
776 1662
814 1500
647 1287
315 1623
680 1367
751 1277
377 1318
84 1572
481 1998
228 1146
194 1433
400 1156
77 1831
920 1793
288 1773
920 1372
756 1940
12 1832
921 1940
829 1471
539 1628
906 1524
490 1195
26 1217
154 1752
319 1046
879 1030
850 1505
121 1561
359 1228
115 1654
234 1979
361 1989
425 1175
154 1266
674 1934
248 1801
912 1631
493 1703
440 1118
785 1888
354 1140
263 1138
126 1792
302 1994
241 1936
753 1699
364 1357
724 1283
631 1072
685 1313
693 1403
569 1932
229 1205
651 1217
137 1160
328 1260
136 1984
72 1955
691 1234
940 1052
598 1499
855 1599
301 1115
123 1429
95 1788
928 1002
760 1736
22 1702
650 1806
631 1499
769 1476
423 1531
694 1140
776 1527
784 1246
179 1329
271 1046
327 1163
88 1057
775 1554
453 1242
822 1569
519 1516
374 1239
997 1131
281 1611
330 1693
998 1707
47 1520
66 1594
695 1026
31 1314
968 1820
534 1387
396 1107
364 1431
528 1855
514 1101
376 1115
971 1511
623 1894
366 1400
218 1254
616 1787
142 1097
303 1058
613 1744
870 1841
882 1394
334 1835
273 1855
373 1741
125 1984
280 1347
785 1905
376 1277
845 1075
288 1758
355 1990
321 1814
295 1423
563 1762
177 1779
829 1762
101 1505
162 1244
800 1177
241 1726
442 1671
92 1837
384 1479
837 1665
498 1457
537 1996
798 1464
90 1819
363 1979
495 1116
506 1306
702 1285
960 1146
821 1913
559 1624
701 1451
552 1312
454 1611
872 1609
982 1406
416 1430
249 1783
488 1382
510 1926
128 1746
496 1979
316 1724
902 1584
112 1376
989 1019
744 1678
355 1770
775 1741
879 1778
919 1037
496 1701
971 1287
802 1398
11 1890
256 1415
356 1479
220 1052
391 1186
216 1366
221 1054
536 1270
49 1370
92 1028
89 1774
752 1431
994 1609
769 1763
528 1692
134 1584
803 1824
133 1523
79 1599
524 1124
884 1553
319 1040
885 1401
341 1195
990 1095
757 1048
886 1086
729 1837
805 1201
549 1529
179 1558
513 1740
709 1236
99 1591
168 1291
290 1189
277 1461
345 1823
51 1568
419 1364
392 1232
303 1368
640 1409
689 1279
256 1319
947 1233
50 1302
295 1690
79 1641
159 1642
946 1947
605 1682
912 1134
414 1358
537 1651
765 1305
543 1525
96 1613
488 1129
671 1981
805 1545
457 1953
219 1300
35 1163
516 1898
768 1018
114 1590
536 1956
612 1760
574 1601
238 1262
95 1773
23 1401
313 1973
919 1276
430 1112
167 1845
772 1598
280 1451
306 1576
586 1861
66 1343
749 1160
808 1921
261 1647
42 1387
308 1410
46 1104
898 1581
542 1805
906 1511
752 1715
93 1757
826 1339
779 1654
653 1996
311 1733
533 1188
647 1679
139 1661
202 1795
618 1719
670 1935
784 2000
624 1215
956 1492
921 1047
499 1425
110 1607
437 1875
632 1716
440 1917
176 1328
515 1126
229 1912
502 1953
733 1412
307 1551
458 1256
648 1313
545 1544
821 1741
913 1238
991 1422
170 1739
495 1798
121 1709
716 1446
406 1239
870 1508
496 1812
818 1623
32 1954
628 1260
424 1608
853 1555
106 1245
92 1663
705 1255
335 1532
446 1860
414 1153
872 1639
439 1853
548 1860
216 1879
349 1458
63 1298
714 1528
703 1916
253 1905
960 1490
196 1929
851 1781
337 1042
172 1649
741 1813
166 1045
233 1387
517 1661
562 1520
84 1543
957 1093
392 1268
20 1890
445 1358
766 1491
376 1605
403 1290
45 1425
885 1518
730 1890
163 1863
653 1182
976 1516
263 1770
787 1919
527 1544
329 1647
372 1662
137 1684
661 1915
455 1010
128 1458
734 1660
398 1287
508 1103
196 1933
883 1916
783 1542
975 1510
522 1211
49 1950
950 1776
134 1172
577 1588
161 1017
270 1957
383 1021
373 1028
381 1699
121 1732
644 1052
251 1746
697 1826
480 1210
864 1609
765 1412
879 1067
159 1841
814 1263
794 1105
299 1531
1 1699
102 1956
791 1885
992 1544
69 1244
250 1944
412 1576
70 1680
657 1669
879 1940
863 1183
631 1933
960 1805
830 1160
765 1874
331 1953
487 1901
104 1770
547 1837
96 1548
585 1009
21 1696
32 1512
320 1152
5 1137
274 1907
812 1926
694 1053
368 1020
638 1715
272 1299
464 1891
649 1474
730 1590
48 1796
34 1205
22 1440
725 1498
628 1333
358 1250
926 1459
649 1053
698 1162
807 1134
774 1875
919 1320
69 1847
923 1357
170 1967
877 1888
998 1454
908 1495
657 1691
540 1503
522 1270
346 1751
222 1226
165 1394
956 1024
45 1332
276 1826
240 1142
52 1195
12 1405
524 1305
624 1007
863 1056
497 1206
386 1812
127 1796
160 1826
686 1712
882 1943
265 1010
725 1264
461 1378
984 1771
454 1220
742 1097
795 1023
987 1693
784 1053
336 1443
665 1953
816 1280
963 1158
253 1142
748 1073
739 1717
163 1537
122 1911
576 1361
613 1303
337 1701
634 1277
152 1726
587 1537
548 1778
852 1533
738 1900
82 1038
570 1024
130 1350
540 1922
695 1173
722 1716
10 1084
545 1071
179 1080
519 1811
505 1585
500 1140
782 1550
306 1274
488 1917
253 1609
203 1846
648 1503
163 1502
820 1822
384 1716
117 1791
806 1158
22 1082
303 1118
671 1297
17 1213
719 1576
160 2000
449 1321
170 1850
450 1152
512 1793
79 1433
350 1035
834 1489
1 1568
649 1242
534 1431
758 1460
380 1049
959 1662
118 1588
427 1314
408 1573
144 1223
397 1641
461 1058
945 1004
29 1787
291 1395
152 1569
733 1065
790 1699
17 1204
802 1418
903 1513
475 1565
610 1629
812 1468
950 1697
231 1370
725 1178
81 1330
374 1857
933 1442
644 1064
547 1080
457 1213
468 1671
32 1575
386 1964
104 1122
665 1036
132 1640
608 1843
743 1441
199 1086
969 1661
952 1673
977 1238
662 1834
691 1556
94 1806
323 1241
825 1371
433 1679
575 1685
660 1868
332 1966
291 1738
697 1011
531 1477
415 1683
799 1463
322 1819
62 1422
595 1783
198 1453
529 1915
236 1443
900 1850
31 1975
572 1281
900 1448
658 1435
150 1722
561 1901
846 1203
647 1099
928 1279
835 1371
392 1689
127 1194
708 1267
493 1923
838 1237
456 1929
737 1185
148 1255
775 1118
887 1365
830 1510
794 1177
688 1282
175 1970
338 1288
178 1300
94 1599
116 1372
106 1675
30 1913
313 1978
4 1782
625 1242
594 1589
443 1788
753 1298
902 1650
251 1021
652 1171
162 1811
451 1003
363 1414
840 1700
933 1033
892 1812
535 1437
728 1511
667 1046
555 1140
679 1276
264 1980
503 1610
642 1118
450 1365
138 1137
106 1129
661 1390
927 1299
124 1020
415 1508
232 1952
602 1474
617 1410
433 1391
274 1273
691 1335
966 1200
67 1440
163 1938
641 1375
521 1902
466 1512
182 1652
560 1494
877 1402
347 1907
33 1606
721 1195
418 1315
102 1403
758 1580
600 1387
825 1272
270 1312
766 1458
758 1288
885 1731
917 1261
146 1651
549 1564
742 1486
499 1088
543 1362
648 1780
648 1725
181 1767
56 1641
280 1514
37 1020
317 1950
40 1337
108 1883
673 1875
200 1504
731 1731
430 1742
857 1126
572 1621
893 1123
436 1995
429 1263
951 1683
702 1113
439 1426
893 1707
747 1303
661 1702
29 1022
911 1377
110 1445
18 1529
348 1756
199 1879
247 1685
498 1803
516 1421
697 1595
887 1293
712 1874
887 1106
441 1925
152 1594
728 1344
904 1174
187 1629
916 1397
294 1391
34 1626
490 1271
368 1897
379 1883
762 1391
1 1571
283 1585
991 1381
471 1944
15 1172
634 1153
673 1632
951 1236
906 1747
972 1652
272 1104
326 1254
714 1517
355 1024
385 1281
41 1479
204 1689
137 1385
382 1009
718 1968
199 1226
295 1384
85 1578
417 1742
602 1978
616 1668
663 1781
550 1630
713 1780
820 1847
861 1030
1 1057
953 1547
492 1775
517 1781
816 1474
121 1047
642 1100
484 1795
865 1007
238 1052
472 1716
382 1622
713 1693
219 1070
963 1982
884 1768
724 1012
891 1584
164 1335
987 1239
230 1629
424 1844
33 1463
825 1046
955 1464
90 1191
919 1068
15 1062
330 1610
24 1542
182 1352
176 1396
576 1338
446 1943
991 1117
774 1911
77 1955
73 1527
286 1641
835 1969
822 1179
859 1017
887 1349
749 1573
156 1862
339 1844
886 1838
572 1901
920 1545
472 1089
668 1640
312 1718
976 1972
171 1765
909 1918
982 1935
439 1336
686 1949
474 1583
758 1444
90 1456
509 1491
425 1823
740 1548
263 1275
447 1157
666 1555
994 1442
748 1652
569 1335
384 1538
677 1065
947 1691
19 1512
396 1275
291 1120
795 1493
683 1089
3 1898
919 1490
419 1707
143 1339
102 1104
74 1432
255 1219
85 1875
722 1033
142 1111
443 1923
674 1046
453 1696
299 1639
465 1376
472 1954
593 1283
605 1297
324 1860
698 1281
875 1067
991 1574
634 1785
302 1355
1 1404
441 1333
658 1501
727 1677
199 1386
208 1753
159 1569
444 1179
975 1421
214 1646
836 1772
562 1425
274 1327
465 1905
56 1622
650 1968
926 1904
332 1454
993 1387
296 1710
363 1764
712 1310
220 1294
38 1311
512 1256
503 1419
167 1506
179 1790
116 1070
195 1422
154 1299
667 1300
912 1292
613 1792
234 1064
566 1764
978 1862
368 1489
747 1874
6 1960
785 1262
880 1305
557 1768
918 1297
611 1483
802 1413
502 1698
393 1739
279 1911
575 1911
790 1832
36 1757
687 1772
35 1035
660 1848
733 1038
939 1669
59 1668
185 1700
272 1690
64 1711
192 1698
220 1868
752 1366
847 1976
704 1198
408 1046
363 1053
534 1562
49 1878
654 1127
114 1907
478 1512
336 1680
169 1145
608 1475
24 1246
594 1638
163 1047
377 1666
873 1860
336 1128
790 1260
800 1281
230 1200
716 1636
663 1835
945 1469
118 1712
441 1929
957 1838
428 1389
993 1916
949 1192
350 1843
594 1088
570 1328
465 1106
641 1578
962 1115
422 1623
137 1171
239 1689
833 1508
688 1320
470 1144
637 1776
72 1198
421 1341
445 1941
673 1902
531 1740
139 1653
794 1864
140 1857
15 1852
845 1771
700 1426
762 1776
619 1404
524 1577
600 1027
892 1161
843 1691
982 1088
520 1102
513 1896
46 1919
43 1997
742 1809
938 1308
865 1621
393 1529
581 1085
53 1163
564 1628
605 1435
607 1590
881 1945
17 1075
478 1162
140 1549
120 1598
378 1633
567 1581
273 1158
394 1850
170 1181
829 1182
232 1837
740 1277
471 1601
518 1082
282 1908
650 1016
208 1888
614 1019
666 1392
256 1456
922 1626
262 1272
278 1599
353 1397
226 1474
754 1006
674 1817
622 1157
977 1753
904 1588
313 1097
918 1768
914 1941
58 1572
525 1694
889 1369
412 1291
345 1899
498 1698
865 1092
13 1068
674 1006
725 1980
777 1662
742 1274
331 1666
577 1749
546 1133
468 1800
751 1615
81 1605
173 1665
217 1633
750 1153
64 1152
162 1003
503 1326
716 1224
181 1610
529 1100
821 1134
826 1531
200 1806
789 1496
297 1059
453 1951
771 1573
116 1937
68 1770
30 1927
257 1840
622 1767
686 1887
530 1690
607 1997
745 1940
108 1170
711 1491
116 1968
237 1694
882 1634
637 1428
521 1086
247 1436
829 1008
546 1171
863 1471
466 1455
196 1649
308 1606
30 1782
534 1583
454 1814
38 1543
475 1611
963 1386
763 1101
853 1932
994 1113
164 1743
504 1025
907 1500
329 1306
530 1174
193 1899
75 1465
931 1215
755 1762
798 1256
917 1973
570 1382
862 1102
798 1701
468 1786
480 1983
210 1803
451 1304
864 1604
34 1709
970 1599
208 1224
518 1750
305 1131
37 1293
635 1295
185 1417
798 1854
544 1463
841 1354
152 1140
352 1019
852 1830
777 1497
701 1312
861 1777
655 1541
676 1235
314 1985
890 1420
243 1341
6 1638
429 1732
479 1281
853 1664
989 1257
169 1051
852 1067
134 1149
964 1761
520 1384
215 1545
800 1294
352 1043
103 1728
681 1705
236 1646
524 1051
225 1843
833 1892
374 1237
938 1879
560 1988
213 1177
198 1934
650 1046
604 1768
421 1146
432 1458
602 1021
260 1547
221 1056
387 1504
77 1193
658 1195
968 1685
419 1245
728 1157
898 1295
890 1387
63 1691
497 1596
877 1594
970 1711
934 1278
147 1697
46 1065
548 1097
642 1580
185 1666
156 1284
179 1103
118 1908
832 1409
558 1655
610 1283
437 1374
64 1225
451 1527
698 1761
622 1839
900 1309
525 1875
123 1633
444 1276
431 1447
813 1766
97 1707
51 1046
639 1509
812 1892
75 1938
702 1026
154 1657
875 1354
653 1930
209 1972
387 1913
857 1886
973 1739
37 1780
443 1288
119 1301
988 1622
973 1974
430 1909
870 1503
259 1633
864 1853
187 1727
315 1628
542 1997
761 1798
485 1005
111 1604
34 1536
163 1533
290 1680
667 1494
193 1554
933 1752
665 1366
318 1564
588 1671
866 1373
264 1173
682 1834
656 1662
846 1296
678 1569
63 1893
885 1853
219 1202
626 1095
123 1841
808 1665
846 1572
826 1083
717 1832
935 1546
494 1875
183 1288
122 1140
353 1238
533 1411
75 1797
792 1310
700 1791
31 1919
652 1403
35 1706
84 1300
603 1403
830 1212
273 1328
351 1082
682 1399
551 1816
232 1189
597 1219
807 1926
766 1357
546 1253
496 1172
453 1037
262 1898
268 1744
565 1988
478 1904
87 1640
583 1971
858 1258
844 1744
184 1832
357 1156
271 1944
246 1997
63 1223
3 1171
439 1110
477 1195
542 1350
888 1820
624 1227
34 1234
407 1697
43 1828
16 1005
37 1809
110 1696
420 1320
925 1480
93 1059
635 1450
918 1003
220 1767
338 1530
187 1179
943 1218
652 1600
667 1298
485 1781
461 1601
300 1788
579 1121
132 1210
494 1966
276 1739
341 1436
452 1740
60 1604
620 1001
133 1342
317 1998
213 1462
402 1282
55 1839
184 1522
695 1767
174 1954
503 1497
998 1942
799 1440
102 1667
753 1399
596 1987
554 1981
818 1981
124 1371
733 1843
599 1209
871 1567
199 1906
805 1617
356 1347
909 1795
597 1111
913 1881
822 1231
460 1655
362 1769
136 1481
908 1613
131 2000
84 1499
312 1775
140 1488
239 1823
713 1674
332 1728
877 1965
395 1397
889 1144
846 1156
269 1250
580 1700
694 1402
177 1809
38 1435
893 1623
15 1613
195 1295
135 1614
860 1294
667 1328
522 1404
512 1694
986 1621
215 1632
849 1589
300 1990
271 1382
707 1280
424 1360
594 1954
710 1859
56 1715
399 1914
414 1753
843 1125
800 1531
449 1162
406 1186
798 1975
754 1886
46 1387
830 1298
883 1602
292 1911
687 1849
491 1138
267 1605
66 1731
555 1960
749 1844
422 1510
658 1046
186 1695
851 1613
756 1614
508 1207
110 1222
2 1153
415 1886
254 1157
41 1655
324 1563
953 1768
531 1400
700 1321
441 1116
311 1585
169 1867
579 1490
708 1534
467 1475
215 1605
697 1208
871 1958
262 1885
130 1166
772 1881
242 1724
83 1035
792 1794
834 1506
306 1912
203 1897
496 1209
40 1891
152 1511
720 1960
388 1619
409 1346
933 1613
818 1464
303 1559
52 1776
41 1576
681 1781
567 1074
181 1552
452 1628
184 1817
605 1524
644 1510
129 1368
353 1507
408 1721
658 1500
588 1766
308 1386
237 1637
794 1427
348 1576
869 1790
484 1114
381 1034
305 1224
974 1238
272 1149
341 1579
219 1465
615 1463
712 1788
27 1122
464 1946
399 1802
256 1262
892 1772
890 1877
650 1002
140 1355
764 1729
305 1343
408 1176
11 1293
568 1296
540 1739
487 1517
822 1357
729 1563
351 1616
562 1678
925 1274
364 1433
765 1394
597 1630
262 1542
828 1558
468 1564
275 1198
484 1171
633 1573
53 1237
582 1474
22 1039
344 1367
619 1166
976 1501
864 1926
143 1175
600 1216
327 1343
724 1296
511 1094
926 1085
422 1695
655 1875
343 1010
508 1782
257 1816
341 1761
377 1773
409 1098
744 1303
345 1872
531 1817
797 1329
262 1615
870 1993
916 1119
172 1781
751 1298
64 1051
371 1243
448 1928
717 1842
367 1273
174 1461
923 1335
47 1974
190 1340
510 1358
602 1618
839 1511
425 1959
567 1332
778 1365
615 1242
332 1142
507 1071
242 1820
919 1533
499 1882
401 1690
213 1426
697 1052
207 1358
601 1499
137 1391
973 1462
407 1244
877 1229
634 1943
83 1814
469 1379
786 1845
36 1084
898 1659
932 1285
311 1297
143 1513
642 1589
216 1303
760 1256
588 1401
494 1845
388 1943
662 1910
275 1749
501 1990
242 1043
635 1901
236 1375
816 1035
586 1214
420 1882
34 1680
492 1087
888 1325
420 1947
432 1825
986 1816
915 1303
951 1903
401 1478
975 1262
908 1560
742 1042
100 1563
279 1286
646 1215
232 1441
412 1684
957 1496
806 1116
746 1697
226 1737
594 1190
857 1725
697 1731
452 1175
908 1909
97 1869
549 1912
129 1957
516 1279
305 1155
853 1465
465 1189
31 1180
245 1131
834 1510
680 1883
473 1938
976 1771
305 1083
199 1651
146 1258
250 1130
943 1112
355 1792
398 1068
67 1888
279 1334
445 1383
326 1927
291 1183
502 1436
816 1875
136 1650
778 1245
426 1103
572 1838
238 1636
166 1971
31 1185
511 1291
669 1718
624 1324
289 1618
311 1222
122 1089
505 1804
90 1709
393 1326
958 1632
672 1718
441 1211
681 1016
846 1591
58 1049
981 1452
924 1344
423 1092
209 1390
729 1209
563 1246
118 1193
618 1709
521 1096
611 1950
26 1070
558 1486
459 1043
884 1609
734 1581
735 1443
584 1810
238 1395
852 1703
267 1731
981 1866
543 1114
421 1240
406 1454
483 1754
517 1962
161 1123
423 1357
43 1247
575 1321
119 1943
231 1115
25 1371
521 1874
34 1774
492 1626
677 1067
128 1002
347 1814
307 1053
457 1240
321 1476
380 1081
883 1771
21 1774
944 1440
929 1837
653 1646
779 1500
750 1311
433 1616
170 1168
116 1302
619 1031
696 1073
730 1002
416 1301
469 1615
909 1282
21 1892
940 1067
604 1620
78 1892
159 1242
916 1999
563 1427
858 1536
312 1109
928 1578
368 1808
843 1178
935 1493
589 1641
764 1109
771 1928
929 1588
834 1325
646 1613
738 1528
600 1353
262 1874
21 1033
948 1183
121 1379
433 1576
191 1937
236 1146
179 1832
557 1051
128 1902
883 1856
622 1451
133 1299
207 1963
760 1422
987 1843
418 1905
22 1732
259 1294
582 1866
377 1377
747 1686
57 1476
569 1087
861 1662
301 1517
112 1892
388 1440
965 1371
403 1361
941 1222
702 1964
360 1748
429 1478
382 1801
104 1345
981 1049
879 1197
979 1373
529 1441
56 1483
95 1193
225 1147
489 1340
317 1598
987 1340
915 1561
455 1105
325 1468
373 1649
446 1674
442 1858
101 1903
857 1498
731 1698
506 1303
187 1446
816 1803
81 1429
395 1912
278 1761
218 1297
228 1737
988 1454
114 1958
212 1227
326 1249
186 1324
951 1081
206 1125
865 1872
606 1557
150 1814
893 1782
602 1653
221 1405
315 1895
919 1323
495 1915
59 1071
920 1627
491 1991
530 1543
813 1371
422 1489
207 1444
440 1168
549 1436
251 1208
339 1500
815 1555
874 1581
286 1719
652 1017
412 1080
378 1364
79 1627
779 1887
733 1413
214 1968
558 1758
288 1762
354 1735
664 1110
501 1888
91 1216
58 1308
597 1782
868 1655
636 1061
546 1201
543 1340
516 1543
774 1790
560 1404
427 1076
268 1046
394 1836
488 1641
545 1275
56 1002
406 1465
954 1048
434 1566
782 1253
654 1696
992 1923
572 1737
103 1484
580 1270
979 1328
993 1462
669 1636
378 1494
663 1943
92 1728
812 1337
808 1128
325 1193
797 1437
929 1978
905 1079
865 1682
712 1511
481 1551
42 1467
414 1310
222 1483
200 1089
558 1469
487 1707
588 1296
784 1899
175 1915
131 1959
934 1591
691 1888
383 1110
148 1167
573 1115
821 1376
770 1016
870 1363
756 1908
175 1528
757 1100
557 1556
701 1627
376 1702
685 1158
882 1270
317 1398
942 1537
48 1846
796 1497
714 1698
621 1553
582 1396
937 1102
373 1960
213 1906
464 1739
6 1601
431 1831
33 1220
167 1058
971 1522
131 1354
468 1296
165 1996
322 1777
884 1055
638 1272
979 1799
572 1685
389 1258
459 1580
199 1916
237 1012
802 1962
718 1305
324 1216
565 1487
336 1487
778 1138
470 1253
515 1723
591 1286
864 1076
938 1461
538 1533
255 1875
261 1672
469 1669
58 1906
265 1628
455 1590
765 1628
95 1433
379 1782
958 1464
351 1972
185 1610
439 1940
67 1146
310 1746
678 1218
886 1530
99 1384
671 1031
820 1825
195 1602
229 1319
891 1607
19 1894
925 1114
483 1297
976 1855
929 1163
887 1458
326 1712
278 1127
170 1659
108 1525
182 1010
498 1035
698 1035
4 1464
223 1485
818 1984
795 1213
283 1365
994 1384
212 1678
202 1342
398 1696
497 1735
988 1793
236 1316
886 1619
742 1929
999 1874
420 1953
84 1646
845 1659
345 1493
469 1371
734 1683
866 1141
915 1215
718 1994
917 1435
785 1463
131 1632
786 1340
480 1243
968 1741
112 1392
978 1909
585 1541
613 1358
76 1384
362 1662
330 1095
877 1932
171 1638
702 1835
18 1995
600 1749
192 1534
733 1477
450 1895
985 1709
235 1960
969 1515
782 1683
438 1824
813 1146
447 1215
378 1682
760 1687
833 1212
423 1739
725 1588
148 1744
878 1968
457 1993
27 1410
27 1741
299 1709
24 1171
55 1097
396 1673
622 1593
714 1045
600 1981
973 1576
201 1964
986 1660
109 1579
838 1044
252 1497
773 1928
411 1158
964 1275
548 1027
785 1134
149 1954
894 1258
290 1247
784 1722
250 1876
78 1199
146 1318
487 1558
7 1502
248 1405
50 1048
223 1897
502 1421
173 1395
686 1033
278 1359
396 1667
495 1394
617 1978
471 1904
66 1860
683 1728
520 1782
174 1548
600 1107
5 1588
626 1306
306 1858
676 1825
94 1126
634 1339
433 1806
2 1710
534 1996
111 1991
878 1864
310 1256
194 1009
418 1410
656 1781
543 1665
727 1875
662 1303
868 1639
14 1347
95 1960
452 1473
688 1293
614 1007
621 1729
985 1616
231 1137
942 1971
155 1044
606 1272
600 1855
443 1656
389 1711
651 1330
544 1820
351 1087
354 1021
513 1859
436 1467
340 1297
902 1922
676 1752
339 1194
958 1802
792 1627
224 1333
537 1524
435 1815
476 1554
542 1244
990 1294
797 1821
838 1099
255 1131
68 1699
696 1643
53 1880
677 1451
396 1338
331 1996
883 1306
895 1723
996 1091
171 1426
971 1485
406 1528
821 1040
83 1864
903 1987
988 1752
19 1833
488 1939
592 1995
868 1333
436 1151
102 1649
385 1664
58 1443
518 1460
942 1790
908 1737
231 1844
670 1161
280 1711
817 1929
194 1367
110 1625
573 1084
988 1977
450 1143
515 1060
870 1752
606 1891
743 1628
570 1696
382 1483
466 1992
533 1754
144 1265
556 1154
36 1678
10 1465
970 1611
951 1399
39 1752
661 1800
834 1081
119 1051
899 1854
526 1226
157 1917
341 1540
287 1951
46 1281
590 1748
606 1220
54 1205
751 1514
51 1386
487 1624
935 1164
36 1776
895 1734
783 1378
322 1449
633 1289
166 1793
707 1822
345 1718
22 1363
21 1577
376 1684
671 1926
480 1928
874 1845
36 1633
806 1753
234 1648
824 1135
624 1823
624 1394
808 1161
374 1993
704 1830
121 1104
66 1540
790 1035
263 1835
3 1340
360 1458
751 1708
469 1745
472 1048
39 1615
831 1381
313 1328
632 1886
556 1704
857 1752
511 1266
73 1394
581 1530
684 1520
949 1491
879 1875
344 1202
975 1126
996 1527
566 1590
851 1864
765 1297
713 1723
184 1813
455 1947
330 1484
172 1723
249 1795
392 1159
221 1276
212 1756
60 1308
681 1933
169 1353
822 1036
451 1178
405 1880
606 1581
87 1949
150 1441
166 1347
441 1423
778 1468
518 1765
350 1982
577 1727
589 1822
973 1337
696 1475
167 1006
897 1915
634 1929
207 1733
492 1349
180 1355
202 1597
800 1351
826 1489
155 1203
593 1834
835 1945
642 1719
87 1919
577 1954
971 1509
592 1037
273 1709
819 1449
994 1365
173 1270
585 1883
301 1328
48 1593
214 1460
908 1853
812 1522
324 1987
483 1071
746 1980
563 1335
800 1798
157 1445
244 1292
361 1907
978 1623
429 1166
134 1631
986 1535
289 1527
648 1618
966 1692
489 1012
972 1465
685 1969
711 1541
465 1263
607 1254
530 1335
325 1480
702 1293
172 1533
441 1168
644 1095
516 1068
707 1416
729 1180
393 1283
667 1205
260 1392
55 1700
738 1018
77 1308
478 1875
916 1046
39 1975
706 1113
885 1340
436 1956
853 1790
652 1261
594 1455
688 1350
568 1592
776 1039
368 1778
182 1449
981 1879
2 1126
668 1175
62 1847
354 1691
106 1394
679 1467
52 1659
255 1950
167 1866
992 1644
926 1426
933 1865
643 1087
140 1302
819 1312
749 1905
171 1845
50 1809
77 1717
734 1684
536 1025
817 1314
812 1364
738 1872
548 1296
310 1638
599 1688
727 1447
713 1397
826 1324
188 1439
450 1521
440 1192
108 1843
864 1261
428 1412
203 1037
234 1309
871 1686
534 1614
249 1847
471 1671
647 1338
294 1046
823 1206
752 1703
929 1793
808 1560
465 1454
81 1477
494 1422
195 1194
174 1195
741 1503
479 1762
438 1406
767 1765
286 1227
808 1014
349 1146
187 1147
583 1808
390 1445
275 1662
96 1039
661 1854
524 1800
336 1605
657 1190
932 1287
335 1065
675 1225
764 1103
114 1338
751 1538
749 1081
32 1564
969 1239
567 1421
482 1393
533 1276
853 1686
226 1648
134 1508
49 1711
364 1161
6 1887
655 1617
238 1418
664 1265
286 1021
237 1435
355 1917
85 1342
496 1224
179 1349
515 1015
158 1783
191 1185
598 1893
809 1388
613 1994
117 1153
487 1078
750 1452
690 1873
568 1754
779 1955
430 1212
176 1462
816 1537
641 1020
424 1042
809 1200
896 1315
435 1821
768 1232
77 1618
963 1493
594 1862
661 1119
914 1155
575 1137
302 1291
523 1330
865 1306
617 1391
42 1122
113 1047
268 1180
640 1819
896 1625
301 1666
393 1846
267 1681
25 1133
88 1531
686 1466
374 1807
962 1841
576 1757
667 1534
416 1527
600 1321
841 1471
627 1043
980 1557
607 1332
267 1930
936 1967
52 1105
450 1620
774 1324
488 1732
947 1948
982 1962
773 1280
894 1323
867 1555
172 1757
528 1067
618 1455
972 1562
734 1809
649 1866
403 1661
779 1648
946 1447
457 1762
133 1459
581 1398
854 1710
783 1837
1000 1955
682 1635
238 1633
85 1592
962 1476
54 1809
820 1060
40 1301
583 1850
397 1759
817 1059
50 1721
552 1296
621 1999
352 1757
349 1748
890 1617
912 1483
747 1883
692 1580
512 1931
686 1458
838 1330
73 1533
24 1725
962 1613
495 1324
294 1304
204 1779
198 1018
498 1242
34 1013
210 1508
986 1467
898 1125
922 1256
267 1069
311 1787
892 1522
817 1480
297 1610
843 1050
167 1553
390 1694
647 1370
945 1868
682 1684
432 1793
83 1717
763 1048
371 1882
48 1206
113 1216
960 1117
976 1850
948 1857
842 1338
755 1848
143 1622
955 1662
478 1422
819 1485
302 1420
894 1042
7 1326
513 1455
891 1791
656 1564
1 2
