2000 4999
51 1313
44 51
721 1313
658 1313
1789 1313
229 44
114 44
699 658
1140 114
185 699
1167 1313
1720 721
1641 1789
329 658
1112 229
825 1313
990 825
111 825
1445 44
799 1641
366 114
1749 1140
1889 1140
646 185
1059 185
469 51
810 329
1209 1889
1613 825
1090 1059
1902 825
1658 1140
1675 229
1136 114
555 1059
803 329
183 721
1773 1675
495 721
1908 1445
1540 699
695 1773
1543 1658
1587 44
377 1090
1116 1540
1949 1675
43 1112
712 1059
302 1090
1252 1059
254 555
1670 183
823 111
1905 721
1957 377
1871 114
1106 1540
1664 1675
970 1543
1369 254
1537 254
1378 1613
882 1720
957 1908
18 183
208 377
1176 1209
700 1675
1652 1675
202 1313
1239 208
1205 1949
1258 1949
979 1258
1713 208
308 185
1838 990
600 1641
1766 1445
1558 1369
318 646
627 1378
278 970
154 185
1943 1587
949 695
655 1957
1175 1902
1921 1670
98 1378
351 44
804 1378
727 695
1646 1902
1726 1313
1306 555
274 1558
71 1258
1007 1773
1971 646
644 329
1021 1713
1052 1908
1053 627
222 1971
908 712
1822 274
642 183
267 699
542 1871
1628 700
1204 1239
1690 957
1193 1021
538 278
1454 1378
1554 208
1929 990
1194 1902
419 1929
1487 1766
1404 51
920 882
1260 183
1972 71
966 1554
475 1205
407 1540
762 1106
1158 1136
34 1258
1761 658
973 1652
339 222
976 949
987 1690
1047 979
1186 274
70 329
919 799
670 762
1755 1971
541 987
1488 1186
1261 699
1816 1949
1393 1175
1878 538
1700 1205
61 154
196 111
856 542
1508 1454
1263 695
798 1047
1183 542
1948 34
861 1766
146 541
871 1176
393 1175
974 1838
616 721
846 1943
457 114
1660 1720
1464 762
436 318
11 351
782 329
1960 1258
1904 98
1620 146
353 1158
201 1558
1128 908
123 201
1736 1052
709 1620
1709 846
1564 1252
1191 1949
1962 1838
1242 1948
78 1393
1825 699
1287 318
994 254
815 646
1567 183
1719 208
199 1007
228 1773
1217 695
1251 957
293 1209
233 1306
785 1263
1002 1554
399 646
1080 1646
1640 712
682 823
1810 475
93 1158
1501 721
1860 1761
440 966
946 1540
628 1287
1990 861
1920 393
736 1972
1864 1106
598 1021
1097 1047
665 538
781 1080
836 469
839 695
1711 628
1913 1251
1254 856
547 475
188 407
1544 199
412 861
496 93
1230 1205
657 1641
1639 542
1830 1080
737 183
1420 18
1444 1905
535 1136
1792 1943
1680 1564
1433 1929
881 1445
58 1059
226 1822
1243 1700
41 111
1060 469
956 111
728 440
262 1260
1884 644
116 1080
1005 1711
536 1711
172 366
1 1755
1706 1136
1246 1261
996 58
570 600
1275 1420
1595 1871
184 1825
1933 339
1181 469
1437 825
1756 1860
158 1864
1698 856
1011 262
829 1112
1760 1444
177 762
1950 1378
1026 798
1020 1639
1560 184
392 114
1335 188
640 1002
522 469
69 1059
1693 1558
236 1660
1210 1652
1744 798
4 51
1019 522
1303 1613
1428 1186
1740 469
793 736
110 1209
1623 226
1938 1822
1220 996
1828 1693
800 1220
269 1749
532 712
494 1444
811 1822
925 177
656 1675
1171 1090
557 1719
1969 737
1753 43
1523 1217
1244 990
753 728
1859 436
1330 966
1022 1554
1846 1962
421 1540
384 1830
1947 616
1028 1908
255 1864
489 1957
1051 699
67 946
997 1244
589 536
150 267
686 184
1812 522
1350 1761
1083 839
368 1540
1073 1740
1502 987
197 98
808 1537
649 1420
669 695
1321 1060
313 532
978 555
295 1204
690 825
1284 522
1366 1713
768 1254
1144 254
527 538
1291 51
515 1242
1958 158
471 1709
1531 1239
1265 1488
717 1620
1942 1761
1839 515
1995 721
52 1011
1139 1839
1765 1889
1211 1744
1048 1291
673 1261
597 657
950 1884
1082 1920
133 736
311 1693
885 208
1012 1658
1594 1048
1235 1613
131 407
1885 377
1286 987
754 98
331 1933
1455 1051
1398 699
1964 547
556 1706
136 202
1986 1905
1866 1964
1370 1209
943 1369
1475 861
1376 93
1032 1205
1307 1370
900 339
1299 885
1353 1543
1937 457
588 1252
175 1971
418 1487
1768 233
1432 1193
1343 1540
165 1263
681 1139
1867 1291
1247 1404
641 656
568 1706
587 1947
1589 1902
779 1719
1752 1969
1416 495
1945 1652
1185 202
39 799
1173 1299
371 262
1392 457
608 658
1055 779
543 278
1687 1303
1638 682
1642 1475
1456 1230
1115 1789
1371 957
300 600
683 1012
64 1140
1066 1020
1576 1369
211 522
287 1454
1498 1173
1565 1642
1923 768
1602 728
1651 1947
1775 1181
1534 1335
1386 1378
594 1923
1323 1404
1049 1321
1344 808
155 979
430 1620
1717 1709
345 1937
89 1717
867 535
86 736
1037 1454
1998 39
1460 1106
1672 1812
1276 1097
1645 754
850 1002
1983 1602
676 1181
106 532
1897 1416
1434 811
1407 313
112 885
505 1217
1154 377
1500 1350
1385 1864
651 555
152 71
783 1434
1861 1523
809 1866
787 158
517 1323
761 262
592 594
573 555
477 1416
1581 1012
1691 1560
1102 871
273 1885
684 839
493 811
580 1321
156 419
972 592
1826 1115
1532 1460
853 110
502 727
244 1587
876 1350
650 1454
1579 570
435 177
991 1885
1858 228
765 1885
1368 475
1961 1246
137 1115
1683 477
484 71
776 956
1295 1073
1298 543
1156 267
1360 555
386 717
1655 1645
648 1995
932 1488
1746 781
1496 1908
1582 1687
1472 1404
553 783
1657 1948
1123 1826
1985 783
766 273
711 1971
324 331
49 1123
1085 541
1195 522
1702 943
129 1286
796 1456
893 1744
774 658
1722 1472
1667 1472
1479 1344
1696 532
303 996
47 588
1796 1060
780 154
504 61
521 1943
1689 1011
1333 1740
415 1594
315 1217
1988 1565
1277 436
1234 1830
285 1154
944 89
401 236
526 810
1552 1691
1127 129
1617 793
723 1858
661 943
428 1620
151 1969
1269 112
1721 211
1795 815
744 1487
312 829
726 978
453 1564
1384 1766
1422 436
563 1921
103 598
812 598
1626 1544
1014 1816
732 1183
1000 1323
1561 146
680 1500
1585 570
1419 547
1067 893
725 1183
1833 274
429 1687
562 440
958 1658
933 428
1739 208
911 1298
1328 1139
1375 1205
1218 555
231 419
1787 651
381 1846
1101 112
346 717
582 208
1729 882
1793 1602
941 1667
864 273
924 800
1924 973
822 274
433 1217
1659 1254
718 810
1606 366
1794 1455
1946 428
309 477
1162 1276
1079 1921
1132 1950
954 1860
1459 1698
483 228
939 457
1169 371
1124 158
1109 782
1094 943
1710 1265
1562 815
698 1664
720 1169
928 483
870 1167
1018 1
1650 882
214 526
53 1587
1955 997
145 315
697 1995
844 70
1414 1433
1223 1097
1686 1761
904 925
234 754
1034 415
1466 522
1226 165
750 811
1630 18
872 234
1157 158
704 823
1737 233
729 300
1968 670
217 278
1503 1793
1495 1933
1627 440
1930 1167
164 351
198 1920
139 1194
706 774
1820 1242
1267 1585
544 1923
845 1945
1332 721
1493 1191
1841 1816
219 1479
1653 882
1113 430
1863 1945
1248 721
849 919
674 1595
1629 1353
1705 673
963 994
1656 1385
1624 1646
790 920
360 47
1703 1247
980 1775
667 1626
460 267
292 315
1748 308
1001 712
212 460
1649 103
862 522
1357 1689
261 1052
907 34
126 278
860 1649
322 114
1341 1235
325 1235
1296 309
1146 49
94 212
794 1437
1418 78
545 419
138 1579
1575 377
92 957
1334 407
634 1640
340 219
338 1537
359 1748
623 711
1228 1398
1199 779
424 1864
1854 415
528 1475
1802 1295
1827 175
1297 1683
832 1700
1315 1368
394 1720
15 151
108 1683
1177 1756
605 522
281 103
192 1765
807 1878
611 1830
473 1854
609 650
1832 1672
1588 196
1174 1328
1622 188
1533 1085
847 1943
722 393
1213 856
442 228
1016 1736
1553 295
572 346
1122 1454
1922 1005
65 1376
1325 1174
679 1761
525 1193
1202 776
1382 303
938 1630
485 1561
1811 1246
216 1243
121 570
1779 1498
601 976
1718 1171
1121 1376
1886 919
767 1756
931 1121
251 717
270 900
566 1646
1891 1889
388 1234
1222 732
1129 133
1608 1947
1814 131
1784 538
461 151
707 649
1829 165
1387 1721
1916 919
376 589
1189 732
268 1820
31 1146
227 483
576 1325
1975 1543
1954 1022
855 1830
775 267
1671 313
1743 1195
6 1082
130 1623
1631 1587
232 1756
1105 779
1992 415
992 1176
1510 1608
953 192
1757 754
77 1020
349 787
289 51
1817 496
7 1020
1843 93
1281 351
1734 1905
1399 761
467 1217
28 1523
383 1330
1041 136
1301 650
1395 925
238 1386
1932 1019
509 1177
1887 723
1153 103
1856 1392
1149 1085
1952 1021
480 992
622 1814
1635 1037
1093 1281
1216 547
1152 642
1979 924
1147 538
1909 226
1192 222
927 544
975 1146
1644 1709
764 368
1678 911
1388 528
434 494
1850 972
260 1617
888 1620
321 133
1477 1369
1596 939
763 1177
1805 656
1036 528
1413 165
1605 116
918 1343
964 1960
1442 1220
1583 1002
1320 655
113 1158
1951 1743
402 338
578 1428
1103 870
1685 536
519 808
1618 1972
1352 1106
482 1938
1452 1000
895 1386
1159 1254
514 300
458 954
1966 1284
481 949
1006 1371
1421 543
1316 1464
824 994
869 1295
328 1386
596 1904
510 61
288 211
437 418
1559 1102
530 829
1340 1579
279 1623
194 11
1412 824
511 1543
241 1034
1200 1768
1135 64
1742 1565
962 900
1708 1683
1783 433
1305 58
1438 1101
239 957
633 146
901 661
305 511
1679 928
826 1711
817 1962
352 925
701 226
1883 1640
831 992
1915 1140
1288 1301
357 1639
1035 1502
1939 278
1397 255
1511 649
1351 136
841 274
1441 994
1293 720
1289 4
1453 528
1081 436
1519 1434
948 673
1890 1650
294 1985
1504 809
1694 1353
513 1784
1390 1859
1250 1939
1057 1260
96 1552
55 979
668 761
205 352
459 829
1068 1250
940 1719
834 1016
702 1487
982 201
385 1589
1406 1839
1879 1398
1674 236
1654 442
1469 1640
1847 810
82 1961
1318 767
1893 1709
373 1352
242 587
1114 925
1803 1464
1161 1156
343 1904
497 1645
1568 1950
1574 1765
1229 682
1372 1576
795 513
1527 6
1877 1886
827 1890
503 1990
894 55
298 966
1542 790
161 765
350 1295
1319 1954
1704 831
1039 269
1663 39
984 633
13 1534
1100 1399
449 1387
1621 1247
1423 1276
1666 31
1976 1437
27 495
540 1176
466 616
1619 1181
361 1121
878 1385
1692 1951
1201 244
348 1018
105 1068
1546 563
892 475
1529 557
1535 1689
886 457
866 65
1448 139
548 1277
396 1640
257 1216
1160 1006
929 1579
891 572
1515 1332
1669 1183
1271 67
213 1856
1462 424
813 1955
1364 1537
395 1631
529 1832
1577 1690
1107 1787
1312 1434
636 1186
743 1825
1098 92
910 536
1994 1101
955 1189
1179 894
877 825
626 1495
1283 482
275 846
1993 1650
550 151
1688 1313
91 1161
840 750
1069 1325
1610 1175
223 578
410 1275
326 1034
558 514
323 976
1214 1923
492 1752
1311 1626
830 1369
63 435
37 1022
1429 244
225 1452
1314 594
604 642
1084 473
1940 1234
659 1717
1896 313
74 1477
1087 1311
1118 1908
696 1519
1551 997
1580 649
1780 325
1133 1001
1259 1248
1405 888
945 636
1661 267
1516 1213
1807 154
539 1222
638 702
1566 1475
1359 1090
1707 43
1614 1617
282 184
104 1622
1400 1085
224 424
1917 329
1507 780
1482 707
1164 1239
546 1679
1339 1922
127 1871
1774 1624
354 328
1058 1069
1092 1795
637 231
451 572
1521 392
1329 864
851 1654
1196 1765
691 558
1198 940
1928 279
30 502
1648 1283
833 436
168 388
409 893
486 1081
678 992
85 1032
1446 587
741 116
1506 1057
1965 1464
256 150
367 1650
1256 346
147 1103
654 1619
1449 550
362 1124
534 1679
769 281
220 239
1745 811
645 282
443 901
740 1998
1865 526
332 1761
730 509
1025 114
880 1114
118 1871
240 589
1426 172
286 1438
1346 1975
1110 645
630 1384
926 502
1732 63
1072 451
1117 1975
174 856
1777 526
1632 1669
1586 718
873 966
742 1658
852 1332
1538 1995
569 323
1409 736
694 768
1253 729
203 1594
420 1629
195 1472
1241 1826
755 1795
868 324
319 1090
1166 1049
1237 1729
245 1581
417 214
1494 1429
663 568
583 1921
81 963
752 783
1379 1951
1054 1353
1959 362
1912 827
26 1183
1857 622
1308 743
83 1107
1785 216
883 1441
988 1382
1725 1230
60 1621
107 1792
455 926
1463 1902
1758 292
160 1192
200 604
48 357
818 1118
1526 1000
814 482
1485 1204
204 81
1064 150
643 946
258 1080
734 74
1528 392
1982 1140
1636 492
1791 1319
1849 1036
801 1968
602 31
1089 1955
97 1526
1750 1407
448 1094
9 486
1212 224
1457 1080
1677 1346
575 640
1907 18
688 963
890 945
1310 1774
1591 829
1695 1971
875 1000
76 769
347 1192
291 394
120 164
1467 1710
370 1867
1108 790
447 813
848 1157
1597 1749
1730 637
1941 1679
859 1878
664 1421
1809 1186
1545 1395
1484 978
180 9
507 217
1880 824
1336 1277
1354 1663
463 1449
1974 1319
518 1965
898 1035
1322 743
1078 1562
249 131
1280 1313
1013 267
1673 1922
317 303
571 1283
1063 1275
1524 1293
757 1485
1326 1085
805 1562
1819 1305
1978 1812
689 418
1070 727
733 28
1855 362
937 822
125 578
1735 1807
1557 1860
186 1413
1362 1179
1770 957
1367 1118
1381 1613
1549 886
1184 928
1027 1905
252 279
1187 1826
277 1174
1327 753
1010 1494
1050 1293
1919 350
942 1596
561 225
599 151
1451 690
999 1638
1790 1494
1345 1228
617 270
1056 1321
1555 750
1738 1919
122 1477
408 901
797 1027
66 1905
387 1405
1168 1369
843 1506
403 338
1143 1711
355 1421
1875 409
1377 486
1997 96
559 1085
612 1879
584 305
426 568
29 938
1337 668
445 71
1804 1407
358 988
1279 1519
1044 367
567 1186
560 941
501 657
897 1441
1616 1477
237 612
363 1651
967 1829
778 1466
1824 546
1338 64
1563 1930
1015 1303
985 668
1145 105
16 261
142 368
1799 1143
21 154
791 448
936 6
606 360
603 77
1918 351
218 1580
1899 232
930 848
1512 180
1607 1143
1424 174
1468 107
1470 34
1380 212
498 303
1436 1200
45 1689
1834 1369
1778 1680
687 950
1522 678
1868 1675
1573 1646
986 1360
1818 212
585 527
1221 433
865 775
1548 282
1099 1877
1518 1582
1874 803
692 1937
17 997
490 1529
1647 781
1474 1177
1268 1805
960 1865
1963 1874
22 811
1435 1864
1294 765
905 584
209 1256
280 1618
1520 199
1759 97
468 691
1227 214
144 1878
178 1780
1926 469
23 15
1206 493
631 305
1643 651
1224 1750
444 1413
1570 1393
1944 402
1236 129
1062 1652
378 1327
301 1518
148 601
87 680
1363 70
1257 670
1292 1454
1349 1416
632 742
1104 1267
411 407
909 774
1391 1826
1967 185
896 958
902 1296
1862 1073
422 1885
672 1320
615 233
887 712
1823 942
629 1269
1489 1652
25 1338
1348 1257
425 1862
758 279
1486 326
1300 744
1038 1575
1869 1761
398 139
792 1922
337 792
1240 1990
182 1850
554 245
140 556
1590 1275
983 856
389 525
1514 1696
1604 1397
1973 1818
134 931
1781 778
2000 223
705 392
1615 419
101 1839
620 1493
90 1482
1592 1529
446 900
427 114
819 972
190 1974
307 1863
1024 985
124 362
1355 34
531 309
1408 1144
1525 1528
610 1973
1925 534
738 1624
551 836
1440 769
922 1538
998 1472
276 1320
934 973
1987 926
1278 321
336 1554
639 1386
1471 185
413 1213
88 1602
857 1917
921 887
784 1221
1901 594
95 910
1361 936
965 1080
132 1949
441 202
1870 1382
1911 967
1754 753
837 1736
731 1655
1715 1056
62 273
1900 1686
390 860
1676 1039
166 338
1430 1028
1536 560
1061 1014
1771 661
1873 370
1151 963
835 220
479 1348
84 237
1509 251
516 932
491 1070
703 1159
431 518
1539 517
581 645
1801 1675
1148 444
1837 1796
947 1671
1634 1369
1876 1052
951 168
290 1879
454 781
210 1436
1747 1408
842 1424
735 1754
189 1054
1374 933
879 1228
1137 1606
1851 807
993 1511
708 669
296 1829
1530 1265
1882 1437
246 1899
1956 444
549 1151
1499 1110
1731 1659
243 1014
1991 6
1142 239
1219 1948
903 1326
310 999
1302 2000
586 1001
382 1323
375 1922
789 1158
1119 649
1126 483
916 1381
838 1657
1821 1444
364 852
1934 18
1447 1969
1274 1059
1141 731
330 26
1480 769
1603 551
1798 261
828 371
333 1749
1450 1070
1091 581
157 219
1517 703
1285 930
1609 1621
356 447
1410 359
1800 479
1712 376
1836 407
714 1839
1776 815
1264 399
1130 43
163 1880
1999 392
1425 539
756 1558
816 1583
1728 1126
250 203
1282 417
36 1487
1373 584
858 1607
579 1057
915 814
1255 975
1788 1987
149 1586
574 1091
565 84
1182 1338
1120 1205
32 800
1188 941
1178 1586
746 1826
1365 695
59 201
1231 177
1290 743
193 36
1505 1889
1403 453
1612 1223
405 1011
1233 481
777 1634
1772 681
215 1441
1872 629
716 440
710 908
304 222
1473 789
1458 74
524 1811
806 124
1980 780
1155 1345
38 148
1701 1219
968 501
745 76
1004 1437
1074 95
770 1235
618 257
272 964
577 1644
1762 1605
1572 1962
1723 1658
1401 151
1808 98
1637 1445
10 255
1249 246
176 1562
499 577
863 1287
474 703
1611 1851
100 1847
306 252
314 1189
1716 1563
1681 1560
5 1353
487 929
1881 398
1910 958
607 720
614 1343
523 254
284 1178
912 898
1840 754
1556 518
1852 1959
1088 1882
56 973
253 710
1096 958
1892 1177
971 231
439 140
1172 790
316 1777
1331 1624
552 134
1662 1140
1134 55
1936 1294
1797 993
80 1543
450 1235
1550 116
802 5
1347 304
181 1085
624 1210
404 1508
423 974
1443 1279
564 1314
917 1136
263 1129
1065 954
1317 579
1304 129
109 941
969 1128
1163 1694
772 581
1835 628
1763 199
1483 1212
1396 26
179 106
1845 1572
365 324
1764 835
1782 267
1046 893
1150 1466
46 861
24 1873
748 1222
1981 1670
1272 1311
1906 116
1262 1420
380 681
715 61
1040 715
1853 1252
1465 1116
747 1782
1831 925
506 1909
35 1260
40 954
379 494
207 1487
135 922
1633 343
1031 523
476 864
372 790
1207 1268
625 976
153 672
1309 605
1541 1057
693 703
1389 477
456 1468
1030 1791
247 129
1490 1705
173 442
713 1450
265 177
141 915
1125 1906
33 1006
520 1658
1733 83
1699 564
952 1135
12 1117
54 503
1815 1869
923 1882
119 1847
906 323
1270 1429
472 168
320 752
1342 1381
391 1028
652 515
820 1485
235 1020
452 1845
1813 1425
660 940
1569 1308
1086 1867
1383 225
406 278
1478 954
1225 1773
1894 1997
8 118
374 650
1786 1020
1245 515
72 761
1571 833
1682 564
191 1700
773 1916
751 353
1394 596
989 522
537 429
1197 114
1417 1354
1598 164
266 1661
432 1109
1600 1290
1029 1160
1461 1839
170 1360
1996 1542
749 1880
341 1675
889 659
653 1509
171 198
1914 917
935 627
464 1979
854 903
1593 1039
647 460
1842 353
1599 1447
342 830
1751 354
1215 538
1848 1284
221 246
57 440
1023 320
3 791
508 1946
1273 403
283 1067
759 434
1324 364
719 1465
1684 15
1402 1116
1238 315
264 1063
1045 715
1741 1490
1697 1471
400 261
1977 1572
1481 222
1190 1652
771 1368
786 1110
462 366
478 82
1042 1907
1170 1487
1076 928
662 137
1266 1352
512 1800
1767 220
981 1488
1008 1149
739 1225
671 1749
1411 1675
1970 110
1033 1749
14 388
1003 911
75 395
1208 1346
397 1656
115 1016
788 723
299 1210
619 779
1131 1240
99 1334
533 222
1356 586
271 1975
128 235
1769 268
187 1944
1439 1024
334 757
913 588
369 1242
1931 506
19 1374
977 1079
1625 37
143 889
1427 862
874 1238
593 1198
1724 1765
821 645
1358 142
500 1981
162 25
675 1092
591 1021
470 531
595 1559
1203 1132
68 128
1578 1196
169 1133
1927 216
1180 1250
1165 1672
613 599
1513 1049
1665 1113
1668 1072
1095 1811
344 1029
1009 1333
1903 1719
1492 1857
635 865
959 1395
335 1694
465 514
724 72
1138 1814
1989 1867
1888 1932
102 1796
884 1314
42 1301
899 1272
327 1222
1491 449
230 881
1077 721
73 1249
248 1541
685 73
167 1583
914 1901
414 225
1895 864
1953 1129
590 84
1714 293
416 443
1984 979
1584 1484
1497 1707
995 1490
20 983
1075 483
259 43
1601 528
1547 1964
1111 1085
2 598
1232 1251
760 1564
961 1161
1806 613
1935 1590
1415 640
1071 1787
117 336
1727 1282
677 1807
1043 1201
666 1976
206 783
79 1528
1476 1381
50 161
1017 789
488 1681
1844 1664
1431 1201
621 224
297 1918
438 1868
1898 105
159 1920
1805 85
554 72
1557 707
513 1007
120 1680
1094 98
933 68
1109 449
1764 616
957 1489
80 1656
391 774
1838 810
726 482
1086 1709
492 1625
1774 1649
1608 1956
1424 1687
1488 1781
976 1081
573 1123
313 1124
674 1574
796 461
1232 1630
1357 367
1234 1466
676 1245
557 1771
801 1568
754 1690
1826 1856
901 651
1437 208
365 134
1178 1823
26 1682
1286 1634
1042 968
1484 1067
1437 975
100 225
793 419
1151 1486
853 860
1373 106
1794 1787
1920 1745
418 1664
751 601
785 1832
1134 877
292 733
1352 597
916 1460
642 674
174 1476
1905 1927
1198 1000
1342 126
1032 1202
325 1716
937 1506
303 1888
175 1733
420 1666
1784 25
1833 178
677 828
1450 493
812 816
1497 1331
804 595
1590 1073
1379 2000
1341 1700
911 1656
108 1477
1889 1242
1896 545
1070 428
1050 135
1369 1423
1309 104
1533 1328
1087 1252
11 1643
1984 1432
158 1573
1705 944
651 1160
1829 1647
1366 1340
1267 681
1150 1723
407 325
1129 1564
184 349
1016 1428
700 1170
651 1808
1383 950
761 680
1296 1835
1130 1333
1916 753
1726 90
1412 1391
1024 197
984 759
1979 176
79 1533
1025 1032
218 1686
1623 425
390 1384
787 1449
566 1640
899 1762
522 1155
1495 558
914 204
1536 421
426 200
84 888
967 1892
914 1198
1779 1627
1063 1146
1067 470
1317 1564
1757 383
569 1970
27 1958
1050 766
1340 1539
1504 1587
1355 746
457 175
1824 1728
1434 1712
824 1814
1546 1128
1223 407
190 1200
1505 1036
706 1113
344 1725
1172 1231
531 634
658 1362
1435 1994
29 957
516 501
1093 467
1319 1961
1621 1814
1518 1427
1267 1259
644 156
1478 604
443 240
192 1314
1801 22
1297 1769
1234 1852
1535 199
1529 1175
1244 1448
803 51
1825 15
1330 854
1035 926
285 128
540 1481
432 329
21 1382
1634 670
1869 1764
983 1003
741 271
595 1591
535 190
1510 1652
1903 1904
309 1035
1271 353
261 1402
528 565
1573 1496
1938 1214
1995 787
1624 792
1217 950
147 427
1614 1591
1493 559
1907 96
1926 78
1971 45
911 217
1691 1336
1375 1286
19 109
967 749
1254 1899
1231 1346
1847 55
811 1838
793 744
359 785
631 1213
1348 885
1340 1019
1493 384
1916 1043
839 333
21 121
1170 534
1513 463
1707 259
463 1386
1674 109
206 1314
1721 1615
486 828
1228 284
528 969
1734 940
1064 1316
300 786
1736 941
508 1196
769 479
1922 1539
673 1581
485 1969
1899 1045
1807 327
1078 737
1071 1000
1389 1031
1706 1273
565 837
861 20
296 791
783 78
1272 379
1479 1432
1189 1558
1685 546
1866 766
293 1855
66 579
1770 1918
1578 1367
1143 1405
1950 1662
460 643
308 1945
1129 1102
506 1146
1488 1360
1460 600
224 1768
1597 1192
1357 1966
1438 1432
21 205
438 367
728 1211
1677 1885
264 1851
547 1919
58 1610
665 466
1537 594
1134 1357
792 1868
518 135
844 1814
1556 1345
964 1893
1273 334
139 1865
824 54
969 376
695 537
696 845
1615 406
905 1752
700 833
1353 36
173 426
671 554
1251 1772
649 81
641 150
1417 46
1609 1320
1637 1034
1556 370
1276 1373
1435 549
1653 1089
1091 1065
1309 917
880 98
1826 1623
1777 991
765 550
1476 367
1467 635
1206 1605
1398 624
112 1845
1780 833
1945 1031
1449 415
1898 318
744 1456
1402 1669
1748 1630
594 856
1131 1290
351 1205
264 1978
824 643
1120 1915
449 344
1385 1232
68 211
1210 1573
1284 967
1313 1335
1946 1672
705 735
624 310
530 713
1393 595
1111 1826
310 1578
1464 419
1175 358
478 1641
666 1696
1782 425
355 845
1952 1955
1028 449
276 1070
607 710
1024 121
569 550
926 1594
436 1231
890 1133
4 117
1712 1862
1550 958
14 426
1915 526
283 1439
912 1707
1016 1762
1538 1796
718 1455
431 1074
534 1356
741 1939
338 618
712 1957
1491 1407
1080 827
1997 274
1638 193
1650 874
535 884
819 767
1002 1519
1224 387
721 260
106 1527
433 1770
1976 186
1592 1200
1585 1859
549 1908
1993 140
602 1872
1890 948
1219 494
283 64
217 817
1842 1327
1088 506
1184 846
1726 1484
1964 994
1192 1835
1096 1973
565 1540
526 1737
1912 921
1699 878
275 1681
598 1986
880 1648
1591 73
197 106
675 853
236 1404
10 278
311 1660
652 74
1923 715
157 1897
906 1085
1238 232
1957 118
1518 230
1745 960
267 534
1980 1336
1966 274
249 1220
1890 1278
1412 1440
104 1044
174 186
847 1884
1793 1400
1621 620
1791 664
1659 5
61 1386
1974 1950
1212 705
151 354
1300 948
810 998
1392 1980
1743 1411
966 309
656 484
70 307
683 543
1214 1067
269 1782
220 1603
588 1882
1158 1930
652 684
1083 1595
1365 373
1521 1055
1247 261
1240 1255
638 190
1948 439
1811 1231
1917 506
1957 1851
49 1985
1165 372
1028 1073
1640 137
820 831
713 783
209 1614
1498 1896
1146 540
1343 1502
1903 1940
1778 974
1751 303
1673 199
1348 902
1833 1993
1529 167
1415 1794
1783 25
1381 328
1262 346
966 725
799 1703
1924 1585
1640 1255
459 911
1142 629
469 1012
1611 70
104 1750
1946 862
1838 1128
712 1945
1725 662
946 210
1581 1244
953 726
1197 267
1272 1423
149 1779
596 1231
473 290
712 1712
1707 1260
1496 1013
639 923
1861 473
1501 532
1835 748
1525 1906
1866 1794
748 1927
1930 1674
1877 1003
1000 1448
331 1802
1917 1146
1110 1572
1141 1294
1643 1801
1072 294
1377 775
1811 891
1581 1961
1224 1818
642 5
223 409
1328 1128
317 1489
598 1834
1871 61
252 790
1571 1901
958 1029
1179 561
1334 1112
233 333
1669 357
1982 395
1890 530
650 1916
874 1567
1988 1376
899 1566
212 1753
1923 1332
1479 1021
1738 1232
1689 654
753 995
1541 595
993 237
884 686
910 1991
613 751
1704 1850
944 1217
264 1909
389 1756
1552 278
911 1853
1573 169
53 1104
565 1863
1240 631
1517 396
1323 677
899 1632
189 739
1667 105
547 1007
1721 773
1129 1681
1445 201
1466 1213
1092 1876
1502 1104
189 279
602 620
1422 1050
1880 1758
191 130
1279 1012
528 1372
479 1099
1588 725
369 15
847 1833
1465 661
1324 498
1050 691
1784 833
704 1089
41 848
1450 1509
1962 369
1326 1717
1431 1028
825 338
750 1266
1212 1751
1694 1205
1683 547
587 1521
1702 1595
339 1696
1534 1347
22 626
1257 1049
138 1790
1190 1144
1410 190
972 834
1406 599
1315 1150
450 564
128 1511
28 861
1566 1132
919 65
1377 612
632 211
154 1953
1376 1244
2000 732
1404 864
1618 400
379 761
1971 1050
1604 980
308 1465
1836 1972
198 1961
689 703
1490 199
1608 1654
571 346
669 1652
1928 776
1299 214
854 1521
644 393
1347 479
375 910
335 338
858 539
1972 344
506 1925
1758 86
1440 1606
1955 705
669 86
397 958
1065 1341
1139 1485
1714 1121
1198 435
143 523
29 1798
447 1034
1755 878
271 191
743 1906
1902 1179
748 1644
421 1124
1584 413
1865 199
92 715
222 869
1857 1449
1349 739
994 838
1240 815
1028 1296
669 961
196 1759
342 424
1585 744
1849 721
1407 209
1053 134
414 49
975 249
1381 1419
407 86
1668 73
1397 494
1497 1041
1915 901
1396 1638
1544 1171
800 869
141 360
101 349
1813 31
87 1637
1492 1923
304 341
624 1304
1569 543
1438 756
683 1912
1706 447
1343 1107
1190 1769
363 1823
1803 612
448 1046
9 743
1793 495
1734 62
1473 1466
628 1532
827 842
318 1704
1154 598
1656 684
769 434
872 771
1171 174
555 1614
1587 1673
870 1499
1076 1207
195 1648
496 1902
695 1408
1001 826
541 217
737 1628
497 1565
80 1416
174 1849
485 1568
1104 254
1032 1707
1818 1478
1810 1237
1719 459
20 1720
300 59
1689 63
1004 686
1482 1753
664 1437
1771 511
1549 1139
1730 1858
1668 33
1528 592
66 572
1749 821
1400 463
367 857
37 1305
1963 66
670 1810
481 699
222 1734
99 1232
680 378
1956 379
572 1209
392 840
1761 98
940 1207
951 1353
1538 395
1568 856
1038 1680
765 1502
1324 55
930 1119
1298 1167
1782 954
1666 1523
1343 1337
1597 1471
1301 348
1610 1254
1265 1956
781 1336
345 1333
570 1550
1118 1666
1050 532
1620 522
1728 503
1596 10
248 226
1437 44
78 1154
55 1809
1608 1164
1151 119
836 1666
506 1500
1819 264
143 1248
762 1292
718 1243
1433 815
878 430
1684 1950
1517 1534
618 896
1644 1371
1090 755
976 557
1357 1316
1182 1690
438 1341
791 1395
346 1024
413 1700
89 1012
1195 844
70 309
1241 536
1629 591
1592 1207
1679 309
206 1425
1567 1798
709 1551
1757 409
1346 567
1624 703
123 284
1328 968
150 1656
1701 496
1004 1045
192 1626
478 1816
365 1647
161 9
1673 1456
67 1995
85 1796
769 117
557 1223
80 1027
1612 1794
293 862
283 143
1977 86
155 1929
151 1810
1293 1583
1276 880
757 1358
1700 562
1407 600
726 1543
148 1674
1006 1486
871 578
262 299
646 1355
1292 1562
820 815
325 1317
914 1535
1349 1826
584 1345
370 210
1564 1539
409 1156
369 889
313 360
335 1038
1120 1700
1161 1629
931 1673
529 29
495 763
196 1412
128 919
374 1406
542 1926
568 1596
398 698
1655 973
1987 1754
1715 359
941 335
1475 1189
1280 1578
1283 707
871 1202
1128 463
1716 1373
1605 1435
903 851
1036 126
1871 1844
1314 1586
70 982
1409 1028
1988 1923
1634 528
342 1841
1697 998
721 602
1651 1120
1625 36
1441 889
296 1544
1818 1662
1699 1448
520 1910
1057 799
1774 929
212 768
1092 179
35 1713
1024 1813
1856 1564
1544 515
670 1949
830 1079
364 667
1274 28
166 1369
972 1491
382 1112
425 1573
1191 878
1308 1259
1443 1972
591 1125
868 1365
332 81
1449 880
1398 612
159 1656
1050 1227
1428 936
1056 585
1876 1078
1367 89
595 111
484 1492
224 238
540 795
1723 433
899 1308
534 1824
1865 1125
1060 1335
312 1766
344 732
340 1582
143 976
675 1417
615 1592
504 557
882 1572
648 331
137 189
770 198
1253 1129
1643 960
1447 1219
1608 1373
921 1437
1354 1784
1016 670
419 1955
668 1249
1832 111
1285 757
1196 1585
953 579
1956 1754
1243 1258
261 667
1715 610
297 1778
1873 1484
1100 1769
1087 348
1652 305
239 1246
1578 267
1187 595
794 1194
1998 112
1250 1307
1969 1306
699 1272
490 1151
1905 1664
1803 1222
839 1112
1097 264
1942 1685
8 1919
1010 1750
1802 348
577 345
1665 879
97 396
1567 1089
110 1190
1279 403
736 1800
679 1714
1861 969
143 1752
258 1397
1292 722
8 658
811 718
1664 1710
429 1575
651 1181
52 999
2 601
1155 502
1704 1080
1373 878
1141 244
1867 1647
1384 981
130 1956
1366 990
1059 365
1342 331
1478 1221
527 346
1896 1698
711 392
1297 761
1049 357
1542 400
869 698
208 1246
261 1887
648 213
1736 1993
1026 517
705 1100
1925 1732
238 165
95 1899
160 1555
839 166
519 441
127 905
1922 617
573 709
1987 1866
786 1587
616 526
1523 237
663 1295
836 557
947 710
1382 36
1092 670
26 1350
1879 216
285 752
1163 1796
1215 1438
608 621
580 1298
572 636
976 1700
1172 908
675 283
1249 384
1957 314
1715 1910
209 267
1915 1883
714 1492
143 835
1855 1665
936 819
796 1331
192 487
1986 150
1980 867
690 1346
1361 1119
725 1361
109 150
276 609
1901 589
1254 1933
708 594
138 873
1863 1698
791 501
1466 1937
1870 1919
415 716
516 1455
580 132
1605 474
75 1193
1204 698
1432 42
1557 1107
1628 1899
1963 581
16 1235
873 1923
98 440
1356 1448
427 1828
1694 1575
253 1696
1915 564
393 777
1348 1815
1145 1139
794 468
1242 797
1476 1460
39 1938
945 644
1965 18
658 1546
1510 664
1724 1865
1035 1164
126 52
1252 1110
1101 1931
57 208
40 116
469 999
1561 299
1467 1893
352 1107
605 1146
737 695
1256 708
62 513
412 1539
891 1997
1172 1452
765 230
1067 460
740 1653
1126 642
1436 413
1787 1299
590 1999
1934 1846
647 435
1183 1050
1074 864
281 692
1709 1162
1095 65
571 1469
963 277
1314 126
1744 953
1429 495
1470 855
321 726
177 796
1714 1171
1547 1086
1996 1348
1807 732
1570 1692
1655 1279
1810 1211
1883 761
617 1567
1590 1716
148 633
1200 681
63 1745
1417 477
1133 1594
815 719
1248 413
397 1448
1809 1652
1195 1675
1601 1818
535 855
1762 807
988 1566
1982 1781
675 1082
1613 1698
1309 881
385 988
684 1307
572 1306
879 982
280 525
813 1011
1523 1757
1039 389
353 315
635 657
652 320
1596 406
1812 480
1477 522
66 380
1656 230
318 331
221 711
393 763
63 1514
1930 1521
1466 1975
945 29
1500 919
780 1148
1450 1046
299 56
1843 176
861 1377
1053 1585
414 1540
470 1598
949 1190
1007 273
1140 1722
1992 1773
331 353
639 1777
465 699
1275 199
295 335
1124 839
1368 1568
734 1279
1543 996
858 1594
1958 784
856 697
1438 1282
356 249
1647 1756
422 19
625 1063
1732 850
291 1228
819 1931
1040 290
18 1762
1820 230
993 1282
753 1443
807 125
1292 1962
544 1921
826 1695
269 1791
382 1411
1653 1822
600 291
1609 1243
1302 1905
1914 1868
372 374
423 994
86 959
1262 768
559 1596
483 93
991 1369
39 221
626 1630
1582 168
511 1715
193 1829
1116 1592
275 589
1518 771
790 1099
584 1071
1167 580
646 1706
676 654
833 434
1478 1224
43 475
1263 137
531 1216
1975 67
771 443
936 1572
1566 1649
1465 1590
1112 1325
705 1931
1735 1138
251 124
1981 712
1421 149
333 1027
1207 1595
612 731
1141 1799
757 274
1740 1248
918 1104
776 1548
1323 893
172 1576
1224 1123
35 338
290 1957
1791 1703
683 1307
537 180
815 1453
1248 265
1605 507
595 1938
558 1164
315 1591
1599 807
147 1281
111 872
127 649
1053 396
540 1584
602 1458
747 68
1343 1361
229 1244
1433 1733
530 1782
338 1990
462 849
1073 924
1838 1611
779 1327
1748 414
1332 1245
1302 1122
1176 1755
441 201
1693 1490
573 1551
1994 1834
254 49
419 923
1072 794
567 390
1653 1139
1387 282
1321 948
1227 1373
922 599
929 1597
1633 129
1082 535
326 1372
723 461
454 1571
172 1456
1678 1649
1405 621
1096 1968
1244 1902
1981 1513
740 674
894 603
1768 1008
1699 1633
873 1697
1397 1567
1444 407
363 1459
1078 578
1818 1502
900 1633
862 570
810 1877
430 1234
1977 1884
1925 1343
1692 746
168 1804
1500 1053
1989 792
1861 1866
1109 864
1494 385
1657 1762
914 1194
492 1027
18 306
1821 820
211 32
86 1398
949 1964
820 1248
888 184
730 965
104 55
331 1083
1456 179
913 202
1532 701
600 688
1279 886
1398 564
360 1549
244 1677
106 788
570 1538
1214 912
1253 1195
993 126
807 965
826 1917
844 295
119 412
1567 160
819 86
208 1819
554 779
9 1190
1312 1872
1206 345
670 1093
1068 1476
181 218
962 1154
1499 190
1833 1863
1722 1561
842 415
623 976
606 176
986 1641
245 797
1924 272
708 1025
904 1890
220 104
458 1998
546 845
1130 724
1706 134
192 319
1056 724
1644 1956
733 1286
1156 1470
1350 1464
23 81
1523 1386
42 1308
1469 1698
1429 413
950 1936
1125 1167
500 661
1038 1550
1777 1421
621 1998
1986 1464
1631 1218
1691 866
372 1667
1882 565
141 1082
1794 892
1535 1088
660 246
1731 1162
407 761
1117 728
1325 1264
775 694
601 192
684 682
1863 1114
823 876
421 1474
1122 141
1468 1275
681 383
1411 1051
1866 652
117 1395
1918 229
569 321
1275 1835
432 1910
67 384
990 1349
1747 591
303 1969
468 1886
658 289
22 1629
71 99
845 1486
974 24
411 1282
1154 585
1185 493
600 692
1657 861
1032 1499
753 648
1525 1010
786 1883
409 416
1437 1973
1517 599
1573 480
721 1911
1237 1721
186 881
1857 1435
591 77
1672 909
698 578
789 753
1460 921
49 1025
1327 192
905 138
736 1685
1570 587
355 1209
1205 14
1819 1534
648 1954
35 1882
1021 502
1701 999
479 1660
983 334
1524 1198
828 1492
1032 693
1407 1140
1444 1758
1681 166
195 700
1111 1874
1515 915
712 975
663 1063
1643 833
609 818
1076 1891
1975 1456
1216 327
1553 1476
607 1192
1629 741
364 1341
957 627
1323 846
1923 1713
1365 810
320 1571
1677 816
1076 267
947 9
1285 291
64 791
527 1807
641 658
783 1266
1255 1507
47 1157
1387 620
1289 273
1672 359
602 1571
1769 189
1530 1583
1046 687
1774 100
1108 779
500 1109
875 1452
851 1878
329 659
1950 755
1700 1489
1681 1118
515 1215
1805 1176
220 822
1155 61
798 821
678 322
1680 217
412 393
1112 264
1249 1775
381 198
713 1767
1161 352
228 725
714 507
1051 54
120 1749
694 1269
423 1816
940 176
85 583
832 1252
1129 1094
404 246
728 1871
1657 1329
54 334
1652 1904
286 82
942 1233
1269 1058
120 1013
748 1238
1728 861
170 1993
1013 558
1655 65
730 960
667 845
1809 1102
1076 1182
301 1668
801 1940
1853 785
97 141
1733 1791
1370 1112
21 1410
112 1046
883 1781
1517 935
1469 1260
347 1152
123 33
635 1796
192 1813
1874 747
771 940
1270 1359
1898 305
1795 1242
1138 1547
1905 830
241 775
1099 321
1367 1871
1081 1340
719 1752
1025 109
1007 1081
1868 1617
610 1041
992 266
492 323
886 156
1984 1723
990 1741
701 1782
828 1520
1772 690
578 631
1508 777
1751 1593
893 66
203 221
193 1710
1701 1018
629 977
1851 1524
231 1422
497 89
923 399
512 1125
1753 1990
1464 848
1608 766
181 1739
1717 1006
1321 463
264 1954
24 370
1105 1448
1817 1827
281 341
528 1830
1171 791
835 597
508 549
1576 614
615 1685
752 1318
261 812
1451 1473
1956 461
229 815
611 1123
469 104
1117 658
1204 1323
319 823
842 631
119 993
1492 1493
525 1181
117 496
664 1233
1455 805
1985 1556
218 827
1587 1719
58 975
1460 1059
1382 1710
1881 1137
1715 1025
1604 797
1236 85
533 1879
263 1489
393 525
1308 1653
395 748
1037 760
979 1743
1286 174
1226 1724
569 1738
1679 1013
957 50
1808 478
707 1789
129 938
1461 983
1140 625
881 801
78 984
717 1927
1683 955
1757 386
1228 1249
66 1164
112 1443
1457 19
1292 453
631 1487
831 72
73 696
549 1381
1601 708
439 1695
34 1585
1627 423
1853 77
1683 530
1460 1670
933 376
1273 625
1482 25
1149 1766
1178 835
1851 175
1773 1450
375 383
835 1202
712 1789
1745 1242
283 757
347 555
1831 1660
1201 122
1706 1133
1950 1411
1697 683
81 1628
21 59
1910 453
1865 810
1224 1326
1864 1833
387 1340
582 882
1171 1553
1265 437
408 59
922 478
800 1882
969 1583
250 156
27 77
1728 856
1480 60
644 1739
77 1312
311 1233
455 5
1309 374
1610 753
1827 910
35 883
116 1735
604 1465
615 1267
1776 1536
1343 189
35 1720
1736 741
1944 380
1950 1937
712 593
1153 731
320 1600
949 1227
1910 1293
1953 1409
1772 1268
277 352
1977 816
179 1228
137 1819
490 1983
1639 259
1920 665
754 1472
899 133
1820 1071
1218 421
933 1691
1194 530
1814 794
1102 22
912 36
1468 1095
1435 759
1300 232
1700 1328
942 215
1731 1604
1348 1799
1229 1392
663 1233
620 1981
231 1080
281 631
365 1706
762 353
1949 404
224 1714
1141 691
564 769
1085 1414
824 1281
953 1641
470 1371
887 498
1790 642
888 511
1643 368
1120 21
1752 1428
1353 1540
1482 1418
1874 1944
1210 429
115 724
947 423
1387 1344
1453 1456
1977 501
360 611
691 1205
732 1275
1159 503
251 1470
1340 514
809 1040
1526 944
1035 1891
1603 1004
193 650
391 10
1409 1046
70 1484
1355 1653
1965 186
537 120
2 1236
460 15
435 1992
1368 1058
187 1020
458 1667
300 1713
1560 1891
1367 532
50 732
338 1141
466 1629
355 437
1401 533
1739 1868
1974 1921
1638 152
806 1649
728 188
1313 19
328 1497
1836 634
1187 455
92 641
1855 806
1143 798
524 872
1381 1976
1415 1198
520 1021
968 683
1193 1052
719 1076
188 1177
72 1549
997 1040
1537 1131
170 249
1964 1700
1206 842
100 1179
9 1062
1847 117
1175 1206
433 327
1945 374
1814 884
1134 78
52 1932
279 1306
40 156
579 1151
1045 1892
1193 307
1067 63
1749 1066
578 529
1765 37
1957 151
185 1823
1964 232
1522 1771
834 1539
156 1750
1041 1133
1760 912
981 919
949 1369
593 1680
1285 746
1941 564
1973 977
312 243
950 870
755 1473
903 286
1603 1682
715 1001
645 462
775 798
1675 525
1046 651
506 1849
39 649
346 1100
675 1958
1239 730
1559 1969
1857 1327
10 273
741 1446
925 542
1750 101
1597 580
63 342
1662 486
1765 1442
1492 1216
544 277
23 1577
1759 165
128 1149
615 693
682 22
242 1440
893 560
954 892
975 1479
865 685
1384 255
280 472
18 1817
911 1691
642 1924
72 1119
37 1363
242 861
982 1863
779 1402
1406 222
1382 298
1942 316
61 730
1360 761
1052 1050
1766 451
1883 627
1332 1070
1492 933
1842 896
796 352
1106 734
1050 1729
498 1722
740 538
911 1511
795 1536
1750 1981
549 1479
1064 729
82 790
862 839
599 358
29 947
1787 315
491 1414
1938 180
1140 634
1795 630
767 579
1670 1404
1883 1649
54 1765
1090 1749
1790 1326
1187 1338
1535 1787
1410 366
1396 1132
1122 755
466 1479
588 353
55 1518
33 1230
98 1183
1435 1612
3 1626
296 1837
83 807
1584 252
394 1750
1214 372
1142 10
678 1283
1475 37
473 656
477 849
1208 1786
658 217
93 1958
1355 380
302 1559
575 1508
1054 334
702 1581
770 909
291 1518
213 1786
1736 1539
789 1120
893 1062
1546 918
910 297
1087 697
323 366
345 1109
876 63
297 950
1529 785
611 973
1120 493
913 103
80 1905
1745 512
141 225
1681 1081
605 1227
1783 1560
1634 1785
173 876
825 1578
444 1737
1885 721
1123 383
1054 1148
1209 34
1028 1464
1781 895
1050 1083
1164 428
753 542
221 1607
1664 1566
1120 1107
1279 137
626 1058
1632 1620
872 1212
1250 1760
372 1541
1558 177
1045 569
1356 956
564 354
1458 1568
866 1895
1583 1635
529 1148
1698 288
302 1548
128 1381
1302 520
652 36
100 1128
1351 764
495 1117
524 1567
1708 7
1161 508
962 1609
489 1951
184 1985
1537 7
1016 1819
1281 153
243 211
1784 624
1310 1138
1366 474
1545 737
1246 63
300 1708
398 1375
825 760
1796 299
1897 1718
1283 208
1885 350
1696 1937
620 1829
151 284
430 1365
1652 1935
370 1421
884 778
1166 1772
777 1622
246 1491
756 256
714 1667
661 1406
1933 195
1538 1665
37 1828
43 641
753 1878
531 1841
1556 589
1615 158
1694 1379
117 327
1410 1091
859 904
1354 371
1013 55
1740 1385
127 827
472 1526
908 720
483 719
1037 1168
602 1516
823 957
275 1935
1458 364
609 95
211 15
1485 1457
448 1657
1200 1554
67 1823
1543 806
1920 1898
1342 1318
647 812
207 1243
964 797
582 1826
436 626
115 287
1356 335
600 626
1106 1806
988 667
1601 1632
164 1957
83 250
314 323
927 390
38 1516
1008 390
590 441
457 219
1113 375
1950 44
1971 1285
182 1331
927 1113
327 792
848 1336
165 92
1067 1268
1739 288
211 966
1811 871
816 442
226 1112
119 522
1478 1698
653 297
1046 650
1516 1096
1783 1345
1578 317
514 605
617 1752
436 353
1543 901
910 1839
1328 1325
1069 1528
512 1594
1028 223
401 189
1701 1431
689 259
1799 1580
740 1521
1730 1815
254 1311
542 1345
1240 30
62 1578
1117 1478
1393 14
1270 1045
825 811
1788 1286
1542 401
1012 1552
82 1828
466 957
245 1477
1472 336
709 175
967 1319
31 817
1950 921
1354 1765
1348 1798
1641 1072
1410 1556
1647 1281
752 495
1269 813
1666 664
296 1715
496 969
1407 576
1188 305
1726 211
526 1405
1105 665
1067 722
702 875
1504 1886
1362 10
536 1892
1282 1342
1444 603
683 1645
1951 1465
438 1982
1548 1292
1712 270
1126 1615
1020 1195
594 1634
1474 971
63 428
280 1575
1573 1277
1262 1986
1375 163
1641 409
1360 239
1872 1122
920 1472
679 322
1676 989
1067 1686
1285 180
297 43
94 1243
323 1422
881 1870
893 1846
1277 1814
1275 680
834 1132
468 1992
1060 254
92 816
1094 439
90 493
39 1140
85 662
1605 1704
961 910
507 311
1112 735
121 262
201 825
78 1729
1164 1865
1454 1780
22 274
1296 1868
411 1265
181 682
820 601
1599 248
671 450
369 1082
219 338
326 181
1226 676
1652 1790
1887 1406
1356 906
790 1793
794 1080
1215 1293
1722 893
482 1809
1377 1011
1166 1768
910 482
1901 357
1037 1070
103 1979
319 1154
569 1293
1754 606
1936 1996
426 408
1850 1053
282 1420
542 742
789 207
72 621
1098 1969
9 120
1867 991
685 1574
1431 275
986 678
683 104
1885 453
1839 91
1835 503
862 815
1422 1151
1061 398
977 1605
659 475
1259 679
580 1595
106 280
1271 1939
931 244
489 921
14 201
1480 623
1047 1586
1028 1732
542 776
735 1535
1850 1158
1482 993
963 1487
1172 1180
1454 270
907 1390
465 855
908 478
325 297
1216 1683
644 103
409 489
1355 873
987 180
364 774
283 658
635 447
571 387
1892 755
1765 81
120 1087
101 1622
717 264
1640 1402
594 289
1739 1408
545 1221
1666 227
903 1285
988 1388
1907 263
1259 2000
421 94
1936 1679
1239 331
191 1323
1399 1989
696 1532
1835 92
953 789
802 1884
699 794
875 447
42 346
157 259
1752 1858
1220 1840
1523 1981
1012 1186
1650 1296
1211 367
980 185
1009 1655
1900 1489
211 931
1978 618
1191 1090
156 1211
450 765
1961 279
1216 1866
1401 502
72 848
1685 1389
1683 1667
1559 1176
329 712
983 15
877 803
1842 1315
6 1146
1679 1937
747 138
1881 1436
692 1194
364 909
1943 251
1849 1592
1237 1936
1876 1475
1397 451
403 1993
1222 1353
1570 1876
965 517
33 1606
540 1858
69 508
1676 118
899 180
713 1165
605 781
888 453
150 513
273 1204
1593 55
19 1580
1473 1835
1911 1698
1862 141
750 1785
834 1940
143 1654
1929 735
1336 1622
1964 131
1749 1971
879 1645
3 711
1646 581
795 262
26 1468
1196 947
221 1185
650 372
1407 1364
22 46
567 782
1664 1752
1508 1600
1317 1754
1660 1609
1847 898
311 1003
652 755
1846 414
1745 998
9 540
1771 838
769 1506
1490 246
1119 1132
323 955
1597 805
1112 1465
245 36
309 620
1295 905
1584 1476
1581 1679
659 1753
568 1737
585 618
702 722
1049 1357
1832 243
313 1589
505 1931
552 1587
326 141
966 92
1006 1927
1545 1787
526 482
452 1479
1021 869
718 601
971 1606
1519 752
1071 1157
866 707
356 1439
1568 10
1618 1905
957 1145
1808 1904
449 1733
788 957
1532 1069
1128 1071
968 913
150 1460
215 679
242 1960
373 37
1561 1787
1641 1581
88 1323
627 161
246 832
1285 1279
608 925
1523 1883
1858 1069
247 1816
1608 1155
794 1207
1153 1083
1171 1204
108 1656
40 1410
1612 597
22 1037
208 275
67 1393
1536 1121
378 7
290 777
1206 1312
1021 577
623 1476
653 587
798 1285
16 922
1726 1792
1620 572
1428 994
871 832
660 1863
320 868
158 591
1466 895
1799 1765
250 442
312 985
786 828
157 1450
1644 783
970 1099
1146 65
208 802
188 1668
216 1309
638 959
432 251
1575 731
174 1095
674 36
1050 1178
922 54
1664 999
34 1223
1138 235
1418 1581
1262 1249
281 1104
884 1614
1039 659
672 591
1014 278
1310 595
1985 1561
1787 1461
1912 1892
754 692
295 1782
1825 1614
829 661
1551 388
1317 448
93 1866
208 1648
829 932
41 59
1239 8
1404 349
699 1521
1527 1887
1300 1578
418 1225
561 1096
1419 1647
448 46
198 1309
403 100
1568 1533
1831 1580
962 112
1510 746
311 442
1643 409
1567 1831
1191 1048
551 1384
1094 1287
877 694
631 814
664 1223
1162 1561
86 1639
520 955
1377 904
182 1203
1836 119
223 800
1522 243
1785 1470
556 26
1317 1631
755 1099
1306 1210
1282 1033
1838 1715
332 213
1545 49
1413 1289
679 435
1566 1686
1318 984
737 1539
1133 202
1404 198
1001 1944
1061 1450
1670 306
151 1732
1119 1416
1248 300
837 270
855 178
48 1464
1611 430
71 945
1817 201
414 1676
1907 666
1682 1337
1890 1138
347 579
439 1716
100 1431
1932 466
1532 1694
1192 1842
1713 1314
818 183
1608 445
611 1739
1327 1177
99 231
1570 626
428 1472
1475 199
689 790
1580 1718
514 1915
1173 1981
337 769
24 1534
1132 1650
1190 1676
1827 249
1775 988
1864 1172
1586 778
42 190
1252 448
1042 209
296 981
785 1966
458 457
1979 1372
280 692
796 1542
1866 1034
133 1541
1306 581
1608 1673
874 953
1776 1504
1432 1514
740 1017
1205 173
1693 163
1767 4
603 161
1886 764
1832 889
1953 1086
1262 845
1687 694
1522 1610
1924 63
20 127
1923 1501
1039 339
882 710
1471 935
1119 1013
838 777
1016 1938
1384 418
1770 614
1896 1631
914 1088
1036 1981
210 772
1553 712
1289 1084
1292 1763
580 1094
250 474
293 983
1438 250
12 350
1319 1274
85 1230
296 710
980 1580
1919 1597
576 904
1836 1314
157 741
1171 424
573 967
1958 1845
665 1247
1618 1235
918 704
1706 131
1632 1127
85 1494
1603 490
1485 532
64 1888
171 1242
1975 1164
43 911
1228 1563
1763 979
1820 78
755 257
1921 743
1348 1209
2000 101
1209 1890
1856 435
464 1863
505 784
1829 1383
866 1734
1709 1455
1383 781
1347 1427
1921 443
1643 982
1604 749
96 296
125 65
388 1355
1277 1293
1753 1933
237 1530
131 1743
1897 1141
1374 764
1869 881
1958 1735
807 764
1574 106
1512 1068
181 1703
253 1670
149 103
586 1193
1539 177
1771 1871
1864 798
940 233
427 1093
1345 1154
1473 58
1526 1383
510 1463
973 1427
1226 866
338 1111
1357 992
1820 422
1894 1264
683 1826
1073 145
1911 1178
718 130
656 1681
495 312
1147 169
412 1436
1721 1422
1854 567
1720 1340
753 1344
887 859
772 242
442 916
113 882
963 274
1386 242
1580 1360
469 155
398 1269
517 726
1920 874
818 1889
283 1609
1328 1796
1578 76
578 1795
1807 268
1805 1440
78 1115
756 605
1344 1942
1017 924
677 653
1878 1243
1097 1761
3 551
956 1845
1922 498
1648 915
1905 997
1122 1485
210 715
224 732
1548 867
453 1984
1882 1236
49 1216
131 1279
1415 1685
1803 47
1327 1743
1438 461
298 189
591 728
1332 1210
624 425
688 164
390 725
242 499
1512 845
1866 975
1945 680
896 935
1128 1111
1046 1358
506 1309
1736 1178
1018 903
1471 488
1826 1332
740 315
964 867
415 7
665 421
1851 1799
649 1170
1591 583
260 571
881 197
940 1875
1913 1382
1300 699
1867 66
240 1294
1210 1035
802 348
987 1105
917 506
911 1147
1925 284
988 1939
1617 651
1314 554
409 1862
1489 1395
192 1055
960 1367
1648 1351
1190 12
455 1769
4 115
1581 1694
1227 1656
1243 509
1719 353
