1000 2499
515 902
106 515
578 515
802 902
916 578
11 578
107 515
932 107
709 107
404 709
823 802
622 802
651 709
295 107
86 916
448 802
236 802
302 709
825 802
936 802
449 825
643 107
811 825
366 295
251 902
880 622
470 236
430 622
697 470
824 932
614 236
770 916
501 643
920 770
434 578
968 614
807 697
806 802
870 643
248 870
78 825
805 697
18 236
714 932
793 86
592 643
798 880
739 902
221 18
756 793
387 807
527 807
978 302
162 578
31 387
774 805
965 387
298 251
217 78
543 578
2 965
937 920
48 2
7 793
567 7
170 251
740 811
638 430
424 978
257 811
545 774
683 614
613 217
514 430
371 697
836 916
283 622
90 527
624 638
471 824
831 811
195 622
637 624
953 221
230 543
670 236
289 2
797 811
865 797
139 870
95 514
582 170
57 770
996 106
730 567
954 920
228 714
163 880
569 107
596 221
871 57
294 424
726 831
80 578
838 170
319 965
157 139
20 90
254 730
828 48
540 871
603 739
400 592
927 937
997 471
641 371
822 582
929 936
299 823
781 424
154 448
610 248
164 638
765 80
519 424
131 641
717 643
674 622
16 569
108 603
192 302
464 968
994 527
25 163
773 936
844 543
590 798
125 163
133 251
392 163
440 106
894 139
886 302
159 590
631 811
883 865
28 994
862 824
625 400
182 18
830 717
458 107
105 192
56 756
168 163
678 862
187 434
598 674
518 927
891 830
911 7
101 80
215 168
104 932
788 404
833 916
401 822
410 440
194 865
426 865
780 7
263 651
113 80
55 936
380 392
420 371
214 515
3 798
941 830
149 638
557 392
496 540
91 11
487 86
329 289
493 157
87 613
893 730
425 920
347 953
575 637
580 424
778 883
444 515
517 319
364 891
460 426
119 902
762 56
948 836
243 828
169 997
379 610
363 496
564 493
593 401
165 228
606 430
218 3
553 2
109 937
175 168
161 606
684 557
320 28
897 614
474 217
542 440
369 978
491 833
357 569
626 797
633 811
520 426
396 626
72 929
172 822
528 932
655 807
961 637
5 363
507 641
758 929
913 553
346 187
895 638
752 57
534 806
634 20
661 527
469 553
878 806
587 916
323 567
571 788
538 545
566 603
293 125
942 802
388 172
898 401
938 139
644 802
296 195
288 251
340 469
854 172
818 545
259 187
352 164
150 806
359 2
247 838
843 162
917 651
415 941
370 938
971 938
75 302
795 596
478 154
76 5
114 107
803 357
977 566
180 543
29 295
1000 57
310 515
876 218
636 624
841 515
660 170
882 831
618 893
453 730
847 254
335 780
980 507
468 194
454 363
699 818
577 369
69 57
787 357
33 518
924 150
42 214
286 248
530 42
341 895
132 169
615 651
863 823
873 157
17 87
23 17
889 644
975 538
196 192
325 638
524 811
441 149
925 404
112 164
226 911
976 347
855 228
645 545
250 762
584 107
856 994
36 538
704 369
130 215
646 108
949 194
65 770
794 916
589 370
716 248
721 424
934 11
533 634
912 781
37 387
88 582
155 441
779 369
692 187
952 7
260 610
623 953
677 288
656 553
745 980
541 299
418 194
407 401
738 228
476 470
887 56
947 72
595 614
395 948
134 295
682 88
417 359
607 105
864 818
372 683
337 294
307 372
66 150
118 283
956 596
591 107
892 709
604 159
375 607
309 924
229 164
82 380
467 257
689 236
993 95
696 293
737 491
647 870
579 545
832 395
353 637
258 878
861 161
708 298
15 170
777 596
269 557
951 936
433 709
405 404
821 323
914 952
360 425
724 656
565 587
41 107
837 779
814 598
304 577
272 400
513 65
274 638
988 968
9 298
690 468
744 335
277 578
445 15
573 565
728 108
103 646
800 787
908 633
367 36
176 697
698 670
782 417
922 88
772 180
331 257
985 832
671 474
188 226
826 476
240 682
475 176
483 418
558 947
601 331
761 745
702 453
867 566
338 864
693 954
54 474
858 426
827 911
703 401
733 615
958 476
548 644
834 638
659 357
110 595
896 534
287 469
906 696
8 607
535 897
135 582
85 353
666 882
551 514
632 155
676 613
499 218
268 54
184 329
398 772
242 130
311 765
746 274
658 320
815 678
126 433
907 805
812 535
461 407
376 341
362 134
393 811
442 604
148 42
203 565
74 310
278 217
754 353
991 782
19 372
694 195
83 587
984 894
611 774
84 698
207 108
720 644
755 176
852 897
673 745
681 666
497 762
531 867
508 55
265 458
546 702
521 483
810 692
190 721
38 407
771 730
93 400
291 363
179 76
845 69
435 453
27 893
416 631
10 920
51 579
67 681
547 154
297 27
73 55
943 934
355 941
509 745
790 830
884 119
904 858
166 400
562 135
885 190
617 709
688 86
930 978
722 311
14 694
915 800
718 196
205 10
500 547
650 953
944 299
785 257
849 547
472 508
177 16
945 283
609 778
437 73
695 260
835 578
957 169
153 55
635 676
77 673
680 251
326 131
649 366
851 770
312 371
144 36
271 215
183 812
523 637
234 83
124 826
333 567
61 614
967 656
322 841
846 1000
262 420
662 692
160 595
910 135
447 596
147 564
361 133
489 937
840 997
983 14
872 322
97 103
522 615
81 250
877 878
926 690
619 897
273 578
318 165
664 166
120 830
174 28
267 548
232 230
191 338
71 587
351 77
431 295
642 467
879 359
654 203
432 433
349 598
966 692
282 478
235 858
480 595
391 904
129 802
201 649
700 798
600 803
141 577
58 535
465 425
94 865
264 346
570 858
669 777
439 580
327 188
529 553
979 439
796 991
462 480
973 56
40 600
819 733
853 87
919 778
429 864
747 845
399 514
734 947
959 269
583 147
59 824
368 71
477 765
92 631
173 720
241 120
348 453
4 633
490 361
723 364
279 924
451 647
485 58
506 286
24 36
79 826
921 93
560 575
452 606
552 745
231 613
419 29
46 777
321 497
950 299
49 2
767 723
438 863
504 518
255 165
336 669
64 508
563 135
111 489
705 175
332 29
422 375
672 836
736 696
757 952
585 264
868 821
421 827
227 811
804 461
905 945
408 262
397 73
317 447
749 283
532 699
999 274
900 442
505 699
556 826
383 15
22 798
193 882
588 398
687 798
99 25
328 755
554 418
648 577
146 236
620 97
245 805
239 236
414 149
760 756
775 944
766 968
308 655
881 545
280 552
986 592
284 245
1 821
6 59
486 501
866 893
158 150
495 938
70 889
741 425
428 543
186 534
675 49
848 282
668 468
463 228
512 800
492 961
711 296
640 235
256 37
68 682
222 58
990 155
378 268
715 203
305 800
354 8
330 10
220 938
246 854
962 887
725 804
394 37
455 752
35 55
411 658
955 172
373 836
719 524
446 72
874 81
550 148
266 704
281 885
791 891
484 478
982 790
842 962
935 286
276 885
249 881
602 217
555 646
764 242
987 322
769 566
972 734
315 730
390 523
252 362
995 376
928 391
436 404
751 904
122 361
685 977
44 714
171 853
594 220
389 893
707 824
300 603
197 715
763 906
356 190
536 693
127 422
381 168
137 904
334 861
479 876
901 16
316 475
473 676
630 649
735 818
200 733
799 895
233 523
412 473
516 598
727 515
537 570
526 958
712 683
572 441
875 271
568 543
189 122
706 932
306 822
933 819
850 889
212 266
888 78
52 635
629 844
581 16
128 848
136 582
47 705
899 451
457 754
290 615
597 310
385 537
100 821
12 333
244 378
358 724
482 415
801 348
784 291
502 5
261 522
26 424
786 188
510 75
710 505
621 25
743 467
817 387
142 288
498 226
115 340
39 146
605 307
652 921
503 936
628 380
382 671
285 317
525 928
869 862
627 995
511 221
60 546
488 191
156 271
731 822
167 86
344 108
206 856
923 245
123 169
653 547
102 630
275 168
969 133
732 984
576 130
50 961
808 664
964 24
456 207
342 635
820 60
208 648
466 852
117 694
202 601
860 901
665 407
313 52
292 307
409 218
686 905
903 693
713 904
384 271
616 692
813 134
30 850
198 582
178 924
970 22
303 797
691 198
946 512
559 893
639 905
574 571
181 160
314 891
792 115
809 167
98 373
768 684
219 640
324 509
940 442
931 672
663 579
918 676
406 574
586 80
343 67
301 473
345 480
270 514
43 894
494 683
225 494
839 1000
657 28
960 838
199 401
377 897
748 362
443 228
939 671
213 428
224 285
829 293
667 449
450 902
890 257
544 887
753 938
89 648
32 262
386 246
816 794
857 124
152 404
209 840
138 603
365 35
185 417
859 457
53 819
62 621
561 484
981 663
599 376
427 960
223 801
742 1
216 286
253 878
612 430
374 181
402 687
339 987
211 853
204 5
350 1000
413 78
909 180
963 419
789 27
21 649
121 952
96 845
608 744
210 388
423 7
539 259
459 171
750 168
989 122
237 769
140 251
63 819
679 505
34 395
759 431
151 196
992 234
776 318
729 997
238 677
549 664
998 923
974 562
143 921
45 744
701 558
145 128
403 465
783 744
116 334
481 139
13 975
24 748
366 641
734 997
788 164
528 262
603 555
85 840
116 689
788 229
361 545
665 827
70 912
672 614
207 514
505 277
970 570
435 362
477 793
56 921
210 827
337 136
842 921
676 30
878 738
261 284
154 996
170 990
422 661
373 105
606 43
762 334
271 591
970 279
271 196
64 145
899 183
71 993
819 609
974 60
670 836
788 396
977 646
521 695
136 7
548 87
359 817
945 788
402 781
241 551
358 965
125 507
42 491
603 811
945 163
717 201
351 373
66 347
196 809
680 584
569 412
630 67
351 477
459 81
117 854
331 626
619 235
900 448
205 71
534 408
505 830
876 894
683 227
404 971
54 924
934 121
223 663
870 844
655 991
871 715
529 549
968 484
926 626
822 132
915 954
960 94
138 945
105 987
503 132
140 234
101 850
202 34
174 845
685 482
32 835
792 618
408 789
301 254
568 652
336 230
908 587
404 53
824 913
887 845
680 315
495 15
641 715
500 129
925 758
496 249
608 787
975 968
388 994
70 750
302 434
981 573
235 139
499 317
82 532
767 345
279 952
76 311
342 735
887 924
5 798
999 878
399 830
327 699
599 7
561 42
183 563
589 368
972 419
618 160
344 752
782 363
2 958
508 673
233 435
329 540
428 404
323 275
166 243
911 318
428 957
311 307
621 452
919 941
560 971
425 172
984 994
331 516
361 474
251 466
106 163
285 499
770 530
572 274
918 505
156 307
130 458
688 96
205 372
963 595
982 940
28 375
439 301
759 84
701 296
97 43
358 974
692 9
979 245
736 687
541 494
805 45
181 923
384 88
59 32
344 12
610 422
715 432
650 101
896 253
918 994
414 444
769 521
7 914
339 624
477 922
985 165
124 614
931 515
998 517
619 748
369 902
67 132
748 264
570 140
703 145
169 971
188 231
88 322
31 611
140 75
653 778
783 384
184 569
167 984
126 348
479 537
585 904
523 271
958 847
400 230
778 549
408 206
331 773
589 451
546 316
871 342
357 188
341 714
602 742
519 618
407 914
862 521
208 570
293 739
132 797
6 200
903 156
319 184
682 896
95 987
772 570
322 162
516 816
496 976
171 647
206 804
538 940
137 434
24 975
285 773
465 893
717 225
230 615
922 67
821 280
850 760
376 875
54 261
832 298
267 727
127 458
755 521
179 543
773 436
345 643
195 465
983 543
424 572
961 122
750 891
548 326
366 442
174 23
765 674
113 733
846 986
418 674
286 83
800 5
876 467
775 545
14 82
243 941
501 569
647 294
778 251
109 567
396 847
980 615
655 628
655 570
491 307
952 322
797 380
630 881
530 397
312 372
126 509
162 406
368 449
465 676
179 639
530 624
777 266
156 412
668 610
292 611
45 784
871 343
157 373
560 257
410 64
321 383
652 848
528 729
444 972
933 740
71 792
633 545
360 899
234 599
117 714
579 420
214 633
917 994
459 276
197 344
83 684
471 818
500 67
383 900
265 704
576 522
737 330
986 60
443 247
485 887
924 290
880 749
212 300
396 592
261 583
223 3
33 596
954 684
977 324
394 18
433 513
55 670
329 335
319 214
120 855
452 91
53 641
911 915
824 986
887 824
214 311
444 999
935 487
811 249
563 354
118 718
909 738
73 5
64 147
290 492
369 647
296 882
64 820
924 734
758 579
759 940
813 601
285 941
638 27
667 139
631 307
92 863
636 869
371 350
842 316
463 186
72 917
813 737
878 796
877 76
971 624
567 318
818 897
841 529
636 90
249 648
831 524
610 597
699 521
686 509
426 529
376 617
130 978
121 134
28 316
336 272
121 718
693 452
669 515
992 733
247 456
350 175
497 621
580 173
244 12
515 343
47 614
342 750
184 563
915 450
301 7
187 737
845 629
776 42
729 153
928 238
565 416
881 211
355 513
675 768
805 330
450 255
502 341
256 925
452 644
800 770
590 336
75 392
263 581
86 144
61 43
195 452
235 129
113 428
456 117
62 305
781 251
346 940
849 134
192 486
249 896
293 274
956 521
914 863
498 368
937 940
658 464
981 695
635 281
524 429
80 788
200 998
108 951
779 585
485 256
520 211
543 109
796 99
207 522
550 395
96 289
75 745
413 188
794 333
760 995
648 461
273 536
328 204
451 382
757 781
254 779
150 142
531 228
890 62
197 904
414 412
864 613
575 652
838 139
637 646
676 916
669 698
651 582
962 429
575 226
612 404
598 502
733 301
479 786
626 748
854 736
129 315
749 114
283 788
27 223
607 471
231 997
614 781
5 831
82 942
105 927
186 501
91 801
259 309
490 363
53 903
546 493
345 290
647 730
586 300
261 593
162 808
172 108
102 892
285 930
701 517
862 918
917 642
229 46
621 178
925 480
241 468
142 883
911 212
393 107
585 479
427 438
324 199
77 379
615 679
265 665
356 132
888 285
338 40
744 584
471 8
501 141
932 550
68 359
623 99
334 537
320 1000
862 649
45 806
538 810
794 535
228 762
778 924
745 107
972 747
22 180
131 875
497 640
217 467
995 690
641 514
851 574
635 315
851 701
474 470
68 160
858 996
996 306
154 283
174 827
575 810
961 616
572 332
758 371
877 970
63 807
285 435
835 610
262 928
43 93
325 717
94 373
491 794
747 65
396 466
388 466
3 974
578 47
297 485
962 382
296 722
53 35
204 863
322 251
520 467
599 696
697 901
908 437
242 59
75 191
857 179
903 7
181 863
236 327
511 389
65 790
545 817
994 177
791 671
453 547
781 80
909 336
948 792
832 446
632 794
512 195
764 289
36 28
147 394
825 128
939 359
168 966
272 292
158 100
612 510
365 422
433 481
875 989
109 277
895 265
188 279
289 73
867 511
775 919
206 959
575 399
734 369
863 72
956 975
110 617
703 361
882 429
400 371
500 446
929 386
515 139
54 759
392 394
664 842
467 606
273 623
381 597
819 994
956 978
646 846
606 631
904 190
386 509
251 807
477 358
737 193
742 798
850 753
918 328
709 784
702 729
415 94
933 711
447 277
959 448
301 538
248 192
60 421
682 46
422 748
415 320
405 776
90 567
799 671
495 683
754 440
488 663
904 771
110 508
484 21
755 159
88 910
740 385
302 222
699 203
830 644
703 947
11 502
119 243
341 754
710 963
546 446
356 822
681 164
778 990
589 217
801 27
290 10
694 735
95 222
539 982
124 404
860 810
304 282
536 323
228 3
489 899
35 461
4 476
928 922
482 145
812 268
788 65
950 965
480 604
95 726
991 913
645 528
494 843
143 802
383 652
947 220
804 932
982 798
60 459
819 719
261 344
2 267
988 825
646 529
857 946
119 349
188 888
272 658
847 163
17 855
872 195
901 141
215 48
576 133
988 983
194 668
335 264
4 524
395 916
925 815
898 933
415 39
924 364
122 220
515 756
192 825
478 515
7 193
262 265
354 494
662 694
387 761
205 302
382 479
842 399
577 102
282 30
931 326
105 971
430 642
909 834
781 353
371 526
213 414
370 384
786 76
907 30
603 390
127 848
746 49
798 327
169 482
649 583
512 23
593 589
74 307
128 94
321 413
485 574
525 71
330 466
468 388
49 187
198 416
669 688
395 754
979 494
145 172
247 728
835 111
811 172
891 868
974 787
355 221
298 522
790 963
473 680
951 284
331 569
521 87
675 785
94 750
626 441
357 508
585 821
449 364
187 380
443 199
96 967
849 563
212 206
757 930
973 365
200 807
705 307
922 360
680 700
741 699
424 648
92 769
44 523
316 917
905 703
935 540
666 501
738 202
639 683
348 792
341 287
23 870
1000 17
705 692
617 966
678 785
468 631
537 234
851 230
839 331
899 662
416 488
3 707
404 587
367 204
748 251
485 153
643 754
991 88
192 74
205 113
547 136
5 466
100 353
540 62
160 689
83 304
261 777
688 480
927 64
129 535
958 686
481 720
209 680
587 378
485 334
924 508
596 456
988 749
760 632
41 717
691 333
406 56
238 661
744 205
791 456
610 659
789 839
491 124
616 985
374 940
603 872
183 535
646 729
819 669
292 323
344 80
698 46
315 387
848 250
892 167
26 572
95 507
521 373
270 803
859 824
741 967
385 427
284 955
282 70
521 433
863 995
683 600
601 152
186 62
644 584
567 14
697 986
234 573
411 626
110 775
173 235
483 822
823 193
457 178
572 58
176 296
431 825
982 2
410 338
835 647
987 904
246 819
311 989
624 668
858 762
538 102
864 153
620 109
853 845
671 186
739 346
353 416
877 307
100 974
219 974
321 866
898 806
867 722
123 518
606 865
411 357
573 696
81 651
323 926
806 400
960 640
153 800
894 305
875 827
663 760
633 781
950 122
630 268
385 470
987 283
291 716
813 323
649 622
886 582
50 285
816 996
919 645
556 997
679 228
411 841
826 456
804 951
490 150
591 23
128 74
602 676
69 757
55 590
732 241
677 5
298 636
156 109
15 619
92 207
263 61
487 420
285 329
381 958
973 873
843 585
207 885
771 481
1 451
951 42
606 57
678 5
393 620
767 1000
456 398
936 1
917 319
186 268
625 444
17 59
255 784
199 702
691 52
9 333
414 651
403 712
142 719
110 692
492 518
350 792
383 310
690 337
301 776
19 878
758 439
523 254
562 396
194 794
557 228
317 811
727 896
960 359
374 318
756 66
762 782
423 540
249 908
669 757
492 905
226 255
573 718
243 978
394 723
643 678
590 908
233 612
314 484
861 586
591 848
164 504
217 312
236 440
704 233
3 388
811 698
269 997
976 445
173 713
786 621
822 848
432 387
776 232
385 630
254 545
752 716
167 583
681 160
797 650
223 837
869 490
261 395
808 837
585 517
220 568
569 829
726 959
421 772
609 319
666 444
491 79
340 316
452 752
382 15
977 839
44 573
534 140
427 612
534 33
104 904
898 354
336 605
204 108
969 262
418 969
182 942
250 577
774 917
519 711
987 344
646 686
243 871
636 843
14 801
590 696
862 973
87 466
675 906
567 440
407 107
37 968
392 253
514 705
122 336
954 938
678 430
383 19
474 889
262 633
586 831
697 743
894 10
466 763
210 611
711 315
737 94
840 418
807 54
573 656
879 65
383 285
945 288
197 264
451 568
378 93
29 87
489 57
822 807
72 580
627 613
310 848
237 764
60 614
656 74
363 625
999 24
613 389
494 811
153 203
434 77
446 974
931 531
59 493
612 326
342 767
529 514
665 943
789 993
277 228
576 45
507 506
875 300
37 298
185 356
66 969
357 863
812 792
17 493
731 626
680 775
856 645
417 724
962 305
760 933
85 178
649 235
351 417
540 232
444 212
848 300
795 179
691 797
274 26
354 894
710 88
493 532
843 924
280 502
745 337
207 463
430 961
159 985
692 661
729 5
905 781
450 762
898 381
302 734
468 469
683 219
317 309
760 474
587 721
163 768
927 536
278 441
73 893
453 146
86 993
169 814
94 494
875 110
685 978
744 733
284 124
502 284
575 653
478 40
988 216
454 811
819 518
83 224
713 744
665 617
387 592
156 382
765 619
558 422
653 951
136 604
7 542
54 656
111 991
512 863
978 195
443 566
270 347
999 544
441 250
288 990
75 943
463 82
465 781
370 286
709 2
606 545
153 429
653 461
307 460
677 758
92 108
567 120
284 266
878 168
461 448
909 975
7 867
90 716
721 926
875 253
93 491
28 685
564 319
386 866
443 864
647 664
160 982
544 316
486 155
384 424
421 390
769 529
921 349
670 380
767 453
755 10
754 173
770 635
745 106
847 896
749 839
238 725
962 688
785 476
897 485
42 918
942 867
908 48
969 478
642 281
877 45
505 376
318 151
462 468
332 329
669 865
688 484
428 724
693 582
671 323
751 939
5 766
932 293
780 14
351 872
843 254
674 414
472 44
486 438
534 862
595 739
721 237
829 119
334 296
742 883
52 760
698 751
178 719
510 631
16 317
748 599
452 985
766 10
959 39
898 560
705 463
340 26
307 945
49 364
834 347
553 584
636 92
76 251
351 328
717 136
643 768
733 572
571 936
232 476
445 789
295 435
870 901
46 881
751 744
239 249
859 11
261 978
576 932
994 761
678 370
79 506
927 238
858 484
324 718
976 97
887 395
534 835
277 95
412 199
991 246
640 200
894 515
156 375
148 734
422 568
445 774
931 733
356 844
910 236
838 57
373 324
980 768
197 570
215 297
819 474
200 623
269 869
961 762
816 938
601 737
896 644
232 773
651 167
357 141
697 482
174 10
31 329
916 881
834 875
628 874
511 192
16 358
495 68
476 46
751 308
685 706
856 980
395 713
696 199
530 795
769 299
626 494
766 630
785 957
975 143
404 180
70 626
159 977
864 828
94 206
129 880
848 636
870 516
999 669
127 739
638 412
117 768
216 697
778 231
386 913
126 535
307 839
254 696
235 405
60 571
705 100
275 505
940 801
663 815
361 334
606 87
482 443
681 884
398 327
443 452
424 122
46 968
467 38
967 246
262 958
117 833
849 3
965 829
304 780
233 544
563 116
400 73
145 331
209 493
500 664
358 241
252 841
484 982
445 136
301 113
169 860
813 160
515 167
480 731
349 738
1000 388
745 981
782 677
941 680
901 602
733 332
484 122
841 288
921 788
334 359
489 787
228 807
61 515
73 849
675 137
975 865
687 249
798 478
415 834
500 459
330 790
601 972
926 970
869 833
577 238
429 410
439 246
398 738
411 484
539 516
41 945
441 669
489 934
260 422
141 373
577 220
664 218
316 254
716 234
40 982
715 825
525 812
709 72
929 539
363 217
393 323
