120 120
286 -1 38 -1 482 753 789 -1 203 424 553 198 717 272 625 865 96 420 456 774 651 100 603 848 370 853 528 994 825 939 -1 617 366 92 695 120 275 201 229 215 898 13 174 -1 927 634 387 297 501 -1 765 99 252 92 687 457 852 79 483 837 88 697 500 989 23 258 370 515 950 421 432 275 673 146 509 825 376 995 635 618 662 500 162 298 639 59 625 115 380 961 604 -1 971 16 802 538 481 380 149 250 148 -1 732 -1 474 71 719 632 86 647 930 670 711 -1 838 931 491 458 489 66
299 293 35 -1 287 485 945 731 -1 654 764 -1 380 -1 758 973 444 80 693 -1 476 655 -1 -1 32 726 289 520 398 968 578 129 168 247 5 583 779 391 10 544 678 240 825 279 996 707 394 -1 -1 61 -1 103 610 -1 806 782 945 95 742 61 678 982 -1 52 32 693 436 294 238 880 549 220 14 810 998 726 339 96 661 -1 120 782 -1 971 703 53 32 -1 -1 -1 90 631 136 559 679 609 530 492 260 910 -1 108 590 -1 3 123 403 883 786 832 221 921 789 891 11 258 293 876 229 -1
85 636 949 199 129 936 533 52 796 944 337 606 280 817 268 113 627 159 519 -1 798 89 681 222 163 839 180 231 881 950 114 140 824 381 995 270 281 63 31 646 63 -1 104 639 756 383 774 684 762 20 911 107 383 -1 993 565 73 409 814 999 449 821 355 706 464 905 47 256 637 540 508 261 37 880 312 285 -1 720 384 746 3 -1 366 359 947 488 561 126 90 56 634 450 654 58 660 540 273 370 437 97 559 659 285 -1 838 520 -1 63 547 -1 361 -1 317 414 874 80 290 458 916 786
-1 -1 894 225 657 763 110 985 122 -1 218 -1 180 158 -1 -1 336 921 627 463 630 820 116 842 229 477 664 859 198 232 417 591 941 925 823 260 447 370 602 927 -1 185 604 247 -1 165 439 480 74 498 -1 622 -1 61 851 846 360 165 492 416 118 -1 239 550 946 994 946 801 728 635 308 869 39 -1 7 842 -1 576 335 482 384 113 957 1000 226 379 711 654 861 836 57 206 938 941 -1 982 -1 876 750 -1 684 518 102 583 339 191 786 992 -1 556 154 30 415 221 747 609 770 511 -1 609
920 142 205 870 308 675 -1 202 756 774 -1 372 416 543 293 620 611 203 514 566 -1 -1 476 992 313 -1 576 -1 359 890 4 277 883 648 761 613 123 934 -1 214 442 28 812 207 591 392 763 61 574 621 974 173 622 293 230 130 571 118 -1 367 416 778 950 434 654 825 612 52 96 909 521 632 341 944 103 102 211 975 801 367 863 -1 290 711 788 121 164 -1 658 361 149 425 243 719 787 949 410 699 -1 580 860 109 232 337 612 313 443 323 357 601 830 239 850 870 948 80 117 16 350 -1
-1 120 873 217 108 708 708 667 73 743 675 941 930 908 445 578 938 612 657 802 736 621 993 652 300 218 132 582 382 732 206 652 331 114 832 -1 121 941 14 268 177 -1 834 -1 -1 56 284 254 339 280 54 964 248 997 551 394 536 152 44 892 25 647 181 828 -1 805 146 86 987 422 14 465 683 927 -1 124 343 -1 564 480 70 408 -1 806 477 -1 -1 -1 221 200 256 -1 -1 776 632 824 368 112 23 649 716 113 744 489 929 918 235 884 869 -1 346 84 125 -1 899 841 -1 300 649 917
239 -1 142 312 597 417 -1 77 247 726 566 752 955 911 768 924 631 167 258 180 992 436 716 843 206 1 855 188 435 498 214 549 -1 624 470 144 668 891 623 484 875 -1 298 966 187 853 807 -1 818 657 920 508 47 92 786 437 284 265 745 109 833 483 572 -1 572 694 914 493 310 674 523 602 638 739 -1 348 139 289 566 -1 685 -1 367 493 763 163 289 687 12 699 837 970 967 551 881 46 735 15 189 283 -1 8 198 134 176 672 9 154 -1 239 951 663 -1 197 577 191 108 955 813 89
208 238 270 915 901 113 512 785 932 315 791 -1 391 256 845 -1 435 466 379 -1 529 460 462 908 610 -1 709 241 883 490 967 845 966 729 779 681 659 640 221 -1 779 390 -1 273 916 2 786 311 359 73 211 84 221 837 214 56 26 -1 197 264 -1 172 -1 61 630 524 408 214 -1 171 -1 -1 697 669 114 200 744 101 461 117 210 424 -1 828 635 835 521 77 696 674 875 -1 497 449 396 802 -1 443 400 587 30 39 61 762 718 665 -1 -1 662 930 992 -1 3 199 607 -1 869 512 948 52
254 875 -1 468 79 30 635 450 295 368 741 916 670 -1 249 286 242 117 502 516 72 259 230 502 997 848 66 563 583 -1 525 554 707 166 426 959 574 524 831 969 2 335 306 -1 256 738 -1 331 776 -1 964 49 854 364 732 4 422 947 45 397 878 814 140 935 14 233 338 554 409 -1 795 -1 837 772 937 939 431 81 808 866 825 980 645 -1 343 201 279 367 654 803 581 202 823 73 175 199 315 341 448 958 687 502 484 835 680 855 -1 287 311 992 301 317 -1 -1 -1 710 389 504 94 355
235 163 415 775 375 129 -1 182 987 124 595 -1 140 731 -1 205 867 341 -1 190 511 672 958 315 223 262 740 280 809 910 559 177 58 824 8 454 999 483 999 970 71 253 259 41 263 319 63 945 228 57 612 245 938 153 42 188 45 247 854 514 637 265 358 147 340 220 696 -1 305 321 719 732 157 661 969 175 855 -1 759 124 110 19 995 -1 270 658 980 124 380 289 729 217 57 11 195 437 89 38 587 946 287 355 612 781 447 955 22 532 689 455 390 575 761 854 496 -1 117 -1 329 117
627 10 617 227 632 518 668 743 99 -1 285 187 592 766 619 913 -1 -1 388 757 311 667 901 250 941 781 -1 134 969 435 259 477 858 968 386 -1 976 314 462 699 -1 -1 801 616 872 241 316 1 846 680 374 885 56 -1 -1 231 -1 258 842 766 815 402 -1 357 386 396 311 8 625 379 333 474 542 366 84 406 577 619 446 216 778 -1 195 136 23 646 990 -1 324 776 324 608 676 687 829 121 474 328 458 413 -1 -1 -1 863 267 409 349 519 925 101 29 895 576 141 -1 61 515 -1 540 -1
636 986 211 959 410 46 -1 364 862 493 636 441 -1 -1 953 664 843 823 215 275 296 596 14 116 252 935 696 957 963 474 93 21 193 916 255 921 704 252 455 241 877 759 666 565 1 769 912 95 330 724 580 -1 979 171 892 711 556 866 272 542 298 496 -1 625 903 937 551 738 598 -1 -1 448 919 195 1000 32 819 -1 -1 695 479 381 701 784 -1 495 814 229 573 115 -1 682 461 -1 682 874 900 274 969 877 268 864 874 -1 -1 562 -1 733 450 181 906 717 170 -1 550 393 747 674 -1 787
555 865 732 344 188 364 -1 745 146 24 72 956 459 601 781 907 540 577 473 276 770 373 419 246 731 249 962 766 430 443 273 335 378 543 614 113 648 531 -1 365 870 818 -1 856 452 48 933 592 221 867 122 849 441 -1 776 988 301 6 115 853 393 624 744 506 -1 388 816 895 72 69 48 870 -1 644 789 689 655 190 152 99 842 544 383 60 61 337 634 202 788 528 -1 904 360 582 486 408 779 713 868 164 708 812 949 877 267 416 59 516 383 829 -1 236 194 157 907 708 845 491 605 562
894 591 476 508 184 -1 719 861 -1 675 -1 35 115 707 936 5 709 277 500 962 850 -1 -1 41 72 505 -1 590 865 12 811 -1 26 772 922 39 45 486 333 583 308 507 356 945 981 -1 -1 -1 215 868 -1 397 27 27 554 100 674 -1 809 301 459 960 666 540 -1 714 89 594 844 984 -1 61 1000 340 36 787 24 40 838 896 113 995 632 178 553 476 -1 97 534 164 865 -1 803 609 649 828 151 103 80 722 349 -1 747 864 876 298 646 -1 451 286 629 -1 908 407 471 371 687 860 55 216
756 181 78 221 115 286 949 -1 92 319 2 470 691 617 640 123 781 120 83 378 731 119 213 624 313 47 306 147 420 344 554 96 -1 155 759 388 832 844 120 684 590 671 336 465 157 826 -1 961 27 -1 111 612 301 508 503 205 720 384 410 854 847 -1 -1 974 958 667 935 40 776 446 400 559 376 915 500 304 -1 128 525 52 10 847 52 416 896 951 532 -1 224 529 516 267 235 878 486 25 697 823 381 737 584 453 414 977 -1 321 282 608 395 353 -1 640 -1 683 996 282 578 55 -1 654
343 270 -1 649 944 197 879 811 970 -1 669 659 190 933 823 588 774 519 668 43 360 -1 77 5 971 793 189 666 582 -1 -1 726 517 713 197 385 476 855 466 326 26 218 540 837 336 -1 361 562 119 53 565 9 -1 836 778 860 181 646 913 154 37 838 871 123 551 292 1 133 66 737 914 606 496 513 318 725 116 704 89 825 128 892 744 246 454 718 -1 202 953 209 902 323 495 660 159 -1 821 550 861 462 222 558 124 70 392 844 403 827 628 757 713 639 978 975 317 31 777 914 252 388
793 414 -1 102 804 990 220 -1 353 616 364 800 548 901 123 906 250 420 -1 701 553 817 952 250 911 983 491 986 933 308 -1 937 146 993 707 795 35 915 390 625 244 -1 257 157 936 702 825 787 764 280 464 554 -1 138 581 224 783 328 568 441 25 666 394 752 632 76 381 21 937 53 591 546 -1 993 836 347 167 283 876 219 957 210 93 987 777 980 983 957 -1 445 560 80 706 839 652 602 234 -1 173 914 463 938 -1 148 394 -1 435 202 155 -1 273 25 533 529 195 -1 671 340 869 808
-1 -1 928 865 -1 -1 371 919 258 701 249 -1 823 241 64 261 677 -1 -1 415 242 774 114 -1 276 -1 278 381 203 -1 -1 -1 803 133 -1 183 616 892 924 844 344 428 -1 376 574 -1 -1 395 336 356 564 646 582 347 640 238 665 488 133 848 47 244 758 95 -1 535 839 375 113 684 343 915 822 181 167 -1 13 615 841 804 7 104 391 228 714 -1 608 861 496 246 934 254 667 44 -1 672 386 -1 554 962 16 725 422 164 1 918 -1 404 661 483 -1 -1 968 976 806 646 766 -1 83 148
-1 91 8 880 93 359 358 751 -1 915 -1 82 625 279 -1 -1 -1 218 -1 982 545 550 288 88 392 196 955 406 989 970 105 597 197 228 527 856 256 -1 3 647 523 226 915 126 453 734 891 725 945 761 280 254 821 -1 932 749 765 764 221 991 36 69 529 747 873 977 558 910 28 590 342 53 649 -1 261 384 143 88 21 997 991 703 153 364 429 552 795 160 644 138 740 41 379 -1 770 151 389 453 693 705 477 898 162 943 149 286 654 360 324 -1 501 100 762 326 163 404 384 751 189 231
200 244 833 107 859 872 879 419 527 957 -1 348 -1 3 656 847 781 863 279 592 552 940 533 342 168 130 619 13 197 -1 939 775 317 111 916 351 741 3 730 4 836 76 189 817 587 732 512 921 624 816 119 -1 417 577 926 382 837 720 832 147 993 711 884 595 336 696 374 101 497 545 257 442 420 99 269 4 121 825 986 899 991 862 904 218 678 97 697 762 484 220 952 754 351 972 241 358 899 606 280 179 230 -1 752 74 882 620 418 784 83 -1 451 -1 112 401 954 798 80 -1 966 684
654 254 769 848 456 295 42 587 939 599 179 867 715 194 769 469 56 133 577 984 -1 -1 2 344 347 382 415 612 428 987 683 680 -1 885 -1 529 547 -1 541 868 322 147 689 610 -1 -1 -1 477 721 178 352 938 502 71 202 677 520 414 133 883 483 240 75 377 277 103 714 24 990 128 543 58 763 883 637 314 597 245 -1 491 504 677 555 652 275 327 835 678 638 686 378 306 106 390 181 192 67 26 970 310 1000 -1 170 979 214 100 91 494 721 -1 349 -1 912 154 613 218 -1 -1 914 759
45 929 651 307 431 964 938 406 -1 287 804 900 559 656 730 377 680 592 719 325 -1 541 -1 341 199 -1 443 399 953 -1 -1 974 73 832 51 185 434 89 450 685 761 83 927 312 2 788 191 602 854 318 926 107 161 570 36 153 -1 607 -1 956 44 962 314 428 595 135 309 793 724 343 411 317 221 170 420 197 151 862 284 483 104 -1 46 -1 -1 593 760 491 244 491 -1 36 960 87 168 4 708 150 499 -1 128 436 -1 527 953 937 921 177 352 497 798 691 877 647 -1 394 815 10 105 -1
881 955 17 693 17 908 697 36 -1 -1 27 685 806 323 -1 672 -1 162 743 791 -1 64 -1 657 493 156 962 659 727 497 796 528 -1 793 -1 743 558 527 674 277 204 772 520 682 -1 -1 409 376 485 589 291 39 594 476 744 86 364 -1 247 479 874 69 309 771 -1 523 916 433 835 94 766 -1 649 -1 971 318 154 96 185 1 914 -1 665 511 159 300 361 710 564 -1 592 207 334 59 114 482 940 797 -1 248 79 158 47 878 660 991 183 785 762 665 -1 298 -1 822 714 186 755 530 209 384
493 982 49 694 788 864 424 884 322 558 980 936 839 -1 -1 260 21 295 872 176 402 490 -1 485 363 933 557 740 688 48 104 764 312 130 313 105 344 616 244 164 919 970 884 -1 685 658 567 94 249 196 -1 775 621 533 6 67 897 899 738 433 924 651 103 823 586 734 929 864 17 -1 -1 951 368 320 331 159 698 547 533 151 795 281 167 228 480 800 995 467 440 743 434 729 92 493 816 400 -1 352 485 510 798 537 75 -1 411 713 242 53 609 -1 960 655 836 739 362 624 490 880 -1 500
50 698 179 36 795 300 937 20 140 355 32 400 407 662 726 504 451 767 785 304 197 56 914 663 -1 913 618 24 179 -1 819 92 774 -1 615 850 39 152 252 -1 483 152 -1 509 425 188 143 551 757 22 453 -1 141 91 410 -1 472 43 671 663 431 -1 318 282 109 561 -1 458 12 271 -1 856 509 708 126 197 556 724 132 698 735 849 395 -1 350 738 408 870 451 150 568 144 381 691 159 276 494 -1 -1 524 -1 959 845 819 206 180 280 881 -1 -1 547 406 34 34 258 714 460 596 988 568
174 565 454 240 867 621 345 103 155 682 4 8 60 634 215 -1 386 466 930 416 254 167 536 873 786 167 -1 72 -1 725 605 877 755 307 616 406 885 513 732 -1 694 971 991 12 199 490 637 226 389 765 -1 184 511 579 -1 -1 -1 3 367 566 673 549 552 974 707 122 987 976 859 418 35 417 587 674 371 457 369 618 170 495 363 -1 -1 481 -1 272 832 692 863 -1 942 248 663 410 536 175 268 584 140 660 26 -1 168 212 703 713 576 898 570 29 973 195 218 145 181 139 953 718 686 714
141 907 -1 -1 561 992 60 981 740 53 347 -1 386 811 874 520 572 227 401 -1 92 534 332 420 750 385 700 791 -1 193 710 612 15 617 -1 347 -1 -1 395 738 980 141 829 885 845 285 378 215 190 15 572 98 387 -1 365 818 966 110 524 134 -1 336 304 731 927 730 662 488 744 642 359 398 559 241 -1 244 269 750 294 434 844 239 566 -1 551 748 556 8 557 237 771 247 962 177 451 133 243 271 700 392 368 -1 784 632 230 695 488 -1 632 -1 418 198 813 958 314 -1 318 836 752 762
-1 817 841 856 760 261 8 842 297 278 450 711 319 116 778 320 185 108 507 26 18 766 673 44 247 512 847 384 165 378 760 162 288 818 -1 511 777 637 850 328 14 761 647 859 556 477 554 772 975 945 698 80 692 947 638 197 537 6 301 262 971 970 960 -1 292 473 578 496 315 547 863 26 54 911 10 748 750 -1 124 500 847 946 777 809 911 896 746 -1 609 890 880 651 755 59 720 806 470 65 7 295 915 319 448 -1 786 -1 797 411 175 680 841 137 473 713 306 210 74 789 806 384
4 69 719 343 -1 220 652 -1 182 978 938 623 886 87 432 630 363 815 23 330 830 228 406 772 626 106 4 291 840 587 565 180 653 481 767 659 549 947 -1 451 886 410 36 401 167 157 896 155 846 275 597 480 346 777 391 867 558 239 101 359 555 811 983 626 963 667 57 498 462 197 144 257 992 159 75 908 569 -1 647 822 166 610 -1 916 566 215 68 342 -1 38 973 98 715 530 452 830 445 -1 966 612 990 111 891 488 957 865 -1 156 442 130 667 958 827 87 -1 401 970 341 989 507
182 912 216 728 356 344 37 258 -1 1 293 198 37 784 843 393 -1 19 221 753 782 358 713 770 427 689 168 299 606 696 388 88 913 53 893 34 227 -1 948 644 -1 39 308 638 480 629 156 297 546 130 714 738 295 444 270 217 890 178 324 188 -1 785 346 -1 686 458 637 501 49 438 589 178 -1 2 675 373 860 436 304 -1 849 16 917 583 625 773 78 21 941 616 771 494 782 602 -1 961 981 -1 459 548 998 123 566 808 906 319 415 266 -1 334 394 29 -1 621 459 -1 986 30 -1 77
164 915 113 246 976 324 15 412 356 668 609 286 930 845 106 790 288 503 -1 -1 880 999 230 680 -1 397 -1 727 -1 494 325 436 868 230 -1 616 896 336 777 328 217 488 816 36 949 934 993 774 579 376 917 931 203 180 656 695 183 956 46 126 237 185 568 663 517 42 227 678 280 46 718 645 134 236 971 208 133 341 164 992 617 212 835 405 360 519 489 776 566 732 -1 490 288 267 819 527 413 162 402 913 639 -1 533 946 25 455 564 187 473 382 382 780 139 -1 824 997 824 154 552 -1
936 788 816 353 385 610 688 721 856 85 154 340 823 12 815 -1 -1 -1 846 219 661 586 468 312 39 109 770 -1 249 401 961 766 123 180 475 373 400 -1 153 914 969 583 514 437 522 38 702 455 633 862 420 683 447 551 308 568 -1 813 119 634 561 858 189 473 750 121 468 15 915 -1 557 -1 866 563 127 441 884 523 285 81 791 64 878 468 810 513 984 361 302 811 563 144 473 -1 638 -1 128 494 -1 443 640 844 -1 452 902 322 137 374 652 719 -1 994 26 650 526 57 211 508 533 438
926 832 180 617 334 66 217 759 175 762 -1 867 -1 956 976 100 142 913 260 999 -1 503 39 38 215 695 -1 527 772 780 -1 424 210 506 -1 556 280 19 422 496 703 383 250 501 982 829 113 968 603 846 239 74 104 -1 -1 634 431 631 63 896 810 308 621 881 -1 127 -1 375 890 596 715 268 656 265 667 705 545 344 610 85 441 -1 346 163 655 104 645 113 9 280 517 -1 746 -1 -1 -1 -1 705 104 980 512 200 128 633 579 307 -1 -1 820 363 691 393 986 390 617 351 232 -1 934 969
175 840 812 744 -1 692 210 -1 146 369 893 618 378 621 198 325 -1 121 530 -1 679 762 676 964 534 903 456 -1 488 51 431 616 929 478 510 506 297 503 874 750 1000 564 821 343 40 615 -1 269 360 89 774 979 943 1000 697 266 20 807 572 596 464 606 945 214 154 263 569 372 988 918 42 212 972 -1 137 887 502 611 974 816 775 724 626 94 932 29 435 450 309 110 962 735 134 839 720 517 821 202 796 -1 304 579 995 642 436 823 -1 944 -1 153 107 918 956 23 356 332 933 -1 216 773
492 969 771 403 746 425 -1 533 131 502 10 482 168 641 809 976 601 855 773 207 867 674 740 147 464 704 150 229 699 389 -1 664 171 887 -1 512 366 690 -1 589 349 146 718 205 904 474 997 468 869 912 82 428 124 894 78 70 963 292 311 592 289 -1 -1 186 925 306 292 823 380 906 -1 46 223 796 156 512 992 962 185 544 388 116 -1 236 935 432 687 439 928 -1 480 -1 736 933 858 126 247 -1 322 677 614 209 972 854 970 740 975 23 436 577 600 542 808 894 114 821 921 -1 584 799
899 635 786 430 575 604 950 -1 -1 -1 768 935 -1 29 -1 889 -1 116 196 -1 823 828 134 97 317 466 141 382 484 865 660 635 66 672 614 69 82 749 70 752 313 900 26 965 921 959 69 76 331 -1 238 625 -1 770 558 39 444 86 759 217 932 465 869 185 723 175 940 557 674 118 199 740 -1 294 494 874 174 859 426 499 -1 482 362 310 328 176 277 317 509 560 485 141 953 -1 230 942 133 834 844 -1 351 569 398 49 394 477 -1 -1 588 424 607 90 380 842 773 930 645 509 667 173
463 972 826 1 359 974 596 330 807 211 375 629 -1 487 990 334 328 84 693 47 383 165 367 668 284 499 941 -1 47 774 892 880 353 325 479 737 441 536 5 403 80 250 851 319 239 889 621 500 867 749 389 318 293 318 330 343 315 274 309 15 837 390 721 555 560 740 -1 5 757 904 889 628 589 -1 849 -1 42 59 680 52 99 946 156 365 16 949 710 64 609 318 880 -1 292 226 721 713 -1 163 11 537 36 218 83 199 951 128 -1 19 268 688 563 712 220 722 209 171 311 820 427 707
273 423 -1 454 417 474 286 112 731 188 309 652 437 -1 -1 658 168 -1 961 911 230 189 253 208 398 969 266 954 859 244 332 721 476 -1 880 728 -1 -1 208 795 270 943 260 943 873 354 615 508 582 480 684 472 930 152 461 -1 599 212 298 752 -1 496 931 68 288 151 -1 570 909 405 782 939 874 560 395 808 275 802 862 509 834 13 312 -1 817 -1 23 136 235 559 915 427 992 926 170 178 357 432 -1 462 177 271 363 339 811 442 203 489 237 69 -1 337 331 446 -1 19 376 202 171 474
868 331 615 242 470 562 -1 603 70 329 257 592 948 492 859 137 55 753 354 -1 772 361 222 -1 22 432 839 669 -1 455 -1 468 157 681 823 727 605 601 358 273 159 521 -1 256 562 918 517 958 258 168 -1 636 799 683 29 136 314 356 32 866 298 999 343 160 125 518 529 363 970 507 801 478 388 364 653 50 722 766 891 501 263 165 -1 827 -1 -1 830 761 649 884 502 579 633 835 640 95 375 567 240 70 243 355 765 -1 37 901 618 146 775 103 592 750 109 589 655 409 949 954 109 90
56 523 -1 491 560 289 658 273 272 430 871 14 -1 199 -1 133 -1 801 137 165 -1 657 -1 157 334 825 51 207 902 220 635 841 697 676 81 686 521 567 440 265 747 772 596 638 702 759 -1 28 397 328 804 830 844 456 -1 448 38 281 69 667 189 419 568 825 789 310 880 -1 149 130 205 142 454 593 413 156 -1 400 -1 -1 70 33 110 25 -1 -1 697 19 857 841 50 -1 943 642 471 -1 251 888 211 144 313 482 -1 447 989 418 363 354 -1 551 517 -1 663 118 671 773 460 276 -1 31
433 276 905 620 566 200 566 941 437 -1 678 452 602 297 587 808 541 886 710 540 962 49 -1 706 173 870 531 385 566 6 742 80 178 603 42 567 881 824 -1 843 308 305 5 392 612 213 663 287 -1 794 -1 311 228 37 825 405 209 646 847 402 506 972 490 583 621 981 715 765 170 206 395 786 166 11 329 -1 871 114 803 281 86 61 456 672 643 604 437 -1 351 -1 576 688 -1 697 52 475 816 149 453 654 93 491 -1 313 962 498 242 -1 56 297 935 157 829 20 221 581 -1 555 151 502
365 -1 664 938 461 -1 807 976 103 726 702 -1 214 807 585 845 478 721 -1 490 748 120 513 719 873 950 899 765 452 154 534 685 595 65 82 278 799 691 418 870 889 433 525 556 92 953 55 298 212 791 475 832 248 -1 956 77 772 731 679 737 620 903 502 179 525 888 779 630 229 183 -1 312 613 121 258 419 -1 500 609 -1 886 779 814 950 160 68 534 -1 581 730 82 700 544 122 313 472 23 -1 985 294 854 959 288 376 47 352 787 575 95 889 163 276 811 261 229 438 204 639 -1 221
-1 629 657 823 897 539 495 816 483 534 629 44 377 624 -1 426 52 154 620 -1 364 75 316 453 481 50 129 400 661 732 744 733 200 146 979 -1 246 -1 975 -1 80 276 661 473 885 5 558 961 5 301 246 934 590 228 264 -1 482 818 -1 161 580 551 619 -1 96 779 516 368 535 972 70 583 575 348 162 179 823 355 414 311 712 650 444 12 239 189 853 949 743 779 177 418 441 837 671 -1 989 18 716 398 367 212 885 669 -1 551 820 210 159 93 -1 894 472 497 39 937 124 357 776 814
442 502 721 521 264 710 49 312 619 968 436 808 512 554 176 -1 68 501 96 990 238 946 7 74 -1 866 747 6 940 245 23 73 643 457 -1 736 -1 567 511 300 626 151 974 315 478 810 485 -1 42 619 277 -1 163 487 126 498 682 365 120 108 148 377 74 334 52 663 443 240 -1 970 914 389 -1 324 9 359 391 837 331 -1 234 676 571 547 958 77 -1 266 -1 698 501 982 980 407 -1 943 -1 107 948 960 63 222 900 205 168 474 12 419 818 103 -1 445 747 664 671 788 82 881 599 666
665 -1 904 369 703 48 441 279 -1 658 443 10 3 197 41 113 312 377 598 -1 973 97 765 238 799 213 175 182 329 721 346 855 107 -1 791 147 134 99 677 705 715 17 291 220 507 824 880 838 502 909 582 176 947 899 352 295 176 851 514 870 711 700 313 41 761 758 15 850 864 538 592 273 145 698 439 669 334 471 -1 777 -1 994 364 311 565 590 971 751 726 737 849 468 602 253 -1 247 614 462 441 -1 880 406 -1 -1 730 359 481 840 175 568 476 239 218 179 107 -1 937 60 949 269
653 -1 913 564 381 611 -1 302 788 -1 291 -1 665 427 162 896 421 -1 161 662 702 215 61 -1 54 714 811 204 434 762 273 696 630 877 655 -1 962 -1 519 482 854 171 694 -1 355 377 279 -1 396 918 325 -1 -1 455 758 -1 159 -1 87 -1 541 777 137 175 219 797 -1 784 857 775 282 429 474 31 354 758 341 880 692 617 399 568 111 746 70 497 -1 452 454 331 690 261 66 27 957 -1 692 84 426 408 440 266 838 54 95 732 527 50 152 34 491 605 898 920 958 -1 121 340 565 341
771 163 529 946 806 951 130 -1 -1 730 -1 550 549 455 65 461 -1 337 492 464 830 936 210 841 19 257 199 -1 988 940 682 351 168 966 -1 613 -1 784 473 842 912 -1 303 209 937 441 491 374 12 614 881 753 359 422 124 43 198 871 163 566 193 713 168 -1 851 920 672 483 381 816 152 999 440 851 220 709 -1 -1 568 326 157 633 -1 998 534 765 505 226 740 266 111 172 717 440 764 332 780 -1 490 439 187 119 783 89 883 233 808 885 354 164 469 226 587 687 701 646 27 213 234 928
-1 -1 -1 162 691 471 341 903 135 145 -1 912 923 689 63 495 883 907 78 642 -1 103 -1 484 293 536 44 120 997 620 -1 271 -1 172 151 818 311 354 599 520 26 526 860 507 58 561 487 358 761 34 117 363 47 969 301 773 966 179 930 364 214 156 -1 458 906 185 743 781 314 143 645 19 455 792 496 412 794 -1 255 724 -1 113 218 794 303 739 868 402 921 -1 817 703 377 769 -1 205 878 743 972 96 957 509 -1 669 957 516 761 -1 -1 391 572 643 486 237 389 207 215 399 438 24
811 664 623 -1 130 889 189 -1 870 832 -1 818 778 782 607 616 301 743 251 448 558 119 14 529 218 13 458 781 532 -1 -1 136 853 646 -1 755 255 571 493 598 -1 484 677 162 216 294 198 202 10 868 460 -1 656 190 -1 -1 453 849 566 -1 168 -1 -1 -1 843 458 834 -1 441 775 515 348 772 -1 385 245 678 320 536 136 456 830 101 85 12 316 -1 848 95 238 114 71 267 425 723 631 -1 108 293 -1 101 -1 915 831 -1 87 552 928 785 177 796 222 -1 502 734 -1 162 195 159 283
360 715 798 19 365 505 392 956 239 901 965 55 81 86 869 -1 346 929 289 670 280 193 -1 980 603 976 421 590 897 723 813 826 310 312 682 -1 374 162 369 416 386 857 117 709 330 417 991 838 642 501 361 -1 810 191 578 278 255 39 957 269 99 -1 -1 878 423 272 63 476 463 686 746 10 306 -1 228 179 -1 135 915 862 457 29 -1 686 315 477 940 724 43 -1 11 968 710 22 856 903 707 895 775 832 640 92 221 973 513 -1 638 213 974 899 935 729 497 779 101 -1 315 713 929 669
34 564 -1 -1 263 238 105 598 549 101 694 546 267 614 73 629 599 935 814 538 29 28 745 976 574 499 357 483 955 436 544 38 486 555 881 896 463 760 151 796 18 666 349 978 954 484 405 565 287 174 788 891 635 198 915 477 67 241 -1 222 996 590 74 434 796 21 62 243 446 619 15 981 997 -1 419 210 -1 499 9 622 930 -1 817 -1 594 394 848 784 503 264 875 -1 213 858 516 951 -1 42 162 1 -1 90 384 569 161 327 734 833 77 702 6 357 498 684 332 -1 784 915 936 472
842 671 88 280 -1 -1 -1 699 243 756 163 937 749 938 -1 349 808 185 938 704 784 724 111 478 793 995 150 124 -1 669 -1 748 549 560 592 -1 137 886 960 466 -1 347 -1 847 947 101 610 969 797 525 287 -1 210 71 670 800 769 -1 606 272 385 467 -1 209 -1 770 782 145 800 455 378 -1 971 434 883 896 45 306 935 181 688 -1 593 994 745 71 250 228 280 -1 77 214 299 555 -1 -1 116 249 962 422 458 335 541 408 971 957 616 307 890 209 -1 921 420 -1 435 403 705 333 882 599
-1 903 522 409 119 484 869 579 491 960 366 486 532 917 320 395 1000 762 546 446 304 -1 685 660 153 559 516 818 530 172 857 911 380 13 579 970 387 523 453 296 430 787 601 702 223 805 266 470 568 430 906 -1 929 892 -1 216 309 675 702 153 92 523 494 282 820 923 881 612 21 974 361 716 547 828 739 575 94 212 -1 680 958 168 10 -1 480 179 894 930 539 906 588 76 179 705 726 45 631 406 839 587 150 660 660 384 269 70 604 24 960 736 609 507 967 616 12 360 160 607 -1 854
507 163 -1 394 46 521 317 634 -1 334 136 312 -1 994 40 -1 38 -1 1 539 66 892 465 681 156 964 -1 712 -1 789 205 292 799 725 776 269 494 106 509 99 360 362 281 381 468 734 324 370 63 628 340 139 140 761 654 708 535 -1 118 728 598 -1 285 993 921 614 396 907 311 873 377 413 93 494 31 925 824 797 219 587 791 190 528 39 478 451 457 271 -1 282 525 171 -1 378 251 992 927 766 -1 -1 355 704 892 955 750 229 778 115 443 431 727 803 180 603 919 196 105 862 832 -1
869 241 225 825 878 371 479 641 7 241 283 588 111 569 119 426 199 592 325 459 772 135 679 326 623 636 336 336 812 674 283 622 224 189 542 -1 389 931 428 45 113 701 514 487 149 430 619 387 951 674 99 609 596 -1 932 -1 -1 266 481 929 122 394 242 587 637 857 158 824 192 189 345 320 881 19 584 -1 59 437 467 508 428 426 592 44 987 775 593 796 664 222 565 856 388 585 481 347 485 903 403 154 980 548 61 894 814 467 169 431 -1 -1 133 835 252 -1 -1 591 688 423 385 345
344 131 295 547 919 799 168 543 226 281 919 178 332 194 28 100 250 869 894 871 520 881 398 649 417 714 422 99 -1 270 974 765 481 374 -1 416 297 933 -1 -1 -1 780 895 228 993 188 138 421 993 177 244 208 906 830 833 -1 852 359 971 691 75 174 571 985 329 184 46 747 388 314 796 910 477 121 155 267 577 12 -1 -1 -1 -1 558 248 651 745 256 915 562 681 -1 -1 634 12 496 412 102 715 366 36 164 228 684 528 -1 831 353 37 572 728 595 827 506 765 323 946 371 51 735 324
459 481 -1 679 719 -1 480 939 736 818 360 835 149 108 622 894 394 861 282 356 275 822 77 936 376 648 140 860 252 968 647 942 -1 269 729 427 231 135 670 227 -1 383 28 79 268 981 881 713 -1 681 287 813 825 897 49 460 261 870 295 71 -1 857 488 884 323 784 -1 297 453 -1 390 306 -1 318 903 633 674 309 636 731 964 951 856 957 493 649 202 411 722 959 -1 348 985 249 392 482 755 -1 342 668 704 468 354 31 270 844 959 696 263 714 -1 919 733 326 141 573 412 472 809 258
518 929 392 393 993 718 142 218 -1 374 783 832 -1 514 431 700 939 790 707 263 185 526 736 382 518 709 577 43 396 -1 976 689 251 160 980 56 174 230 -1 271 907 533 680 237 936 650 194 -1 509 215 601 333 236 -1 989 814 498 450 789 969 651 -1 209 41 587 500 258 187 358 983 656 297 314 994 692 263 761 258 318 734 400 461 879 309 914 -1 934 302 -1 840 234 98 14 542 -1 915 939 904 -1 511 72 974 668 -1 -1 554 449 99 37 84 929 145 467 604 52 -1 549 -1 756 604
979 264 754 658 530 -1 86 609 100 509 660 -1 339 41 875 -1 -1 -1 814 378 219 385 530 -1 237 414 906 -1 488 192 60 462 462 244 -1 959 817 418 973 903 986 137 650 479 152 626 500 180 332 699 241 124 737 698 798 552 -1 744 196 734 584 52 183 570 799 300 205 472 633 217 809 639 105 -1 334 824 827 935 435 527 -1 844 250 -1 892 -1 59 240 805 617 769 483 306 159 609 108 624 172 225 894 216 86 319 -1 848 636 910 573 492 400 -1 304 431 219 954 974 7 104 935 765
-1 728 992 366 712 890 463 -1 163 521 382 894 -1 51 470 654 26 743 680 475 -1 846 208 748 583 880 203 872 775 778 97 254 254 259 41 115 459 833 879 209 168 619 158 699 410 -1 104 -1 -1 602 808 95 983 765 503 932 922 513 349 -1 524 184 775 944 270 244 513 668 -1 677 337 605 616 404 771 262 940 839 995 -1 126 424 904 81 778 51 107 35 99 407 540 436 892 814 337 588 757 86 -1 171 804 565 578 65 34 680 412 15 352 821 531 798 618 164 386 664 371 238 -1 994
521 985 -1 279 307 868 -1 515 97 648 335 892 868 -1 -1 255 480 593 419 214 907 984 204 961 587 548 742 971 687 658 233 544 754 737 141 344 947 707 831 547 513 715 -1 -1 212 104 -1 95 51 -1 850 709 155 192 513 821 733 487 823 749 -1 101 650 873 499 480 996 688 934 51 109 -1 382 515 260 185 436 418 248 6 745 367 826 714 75 425 -1 361 857 631 744 938 -1 -1 -1 188 254 713 822 202 798 -1 302 642 765 161 266 463 901 435 -1 281 438 661 863 -1 9 780 745 668
-1 381 392 109 821 696 388 192 115 776 126 -1 593 573 230 211 502 219 240 179 438 944 723 -1 989 144 -1 945 832 101 471 879 31 830 -1 585 601 -1 694 -1 466 -1 736 701 966 371 749 969 960 301 152 -1 443 885 632 943 848 -1 613 90 -1 129 572 199 576 75 -1 127 962 175 -1 120 56 -1 467 695 575 833 416 42 558 916 242 413 481 516 503 329 691 430 22 298 975 984 361 616 662 693 340 613 722 164 623 528 969 581 897 -1 733 970 779 980 495 896 192 696 848 865 579 -1
23 883 686 725 739 920 814 966 841 523 910 1000 941 375 830 838 262 30 598 41 599 151 83 882 89 2 208 409 657 151 370 935 365 391 832 412 594 221 -1 586 629 87 988 574 -1 615 819 -1 888 199 514 549 858 286 679 886 777 469 496 270 454 834 60 844 138 941 59 947 730 891 400 327 -1 828 909 767 4 567 392 303 -1 586 393 623 314 -1 577 900 282 714 136 892 967 257 509 680 922 122 -1 81 571 -1 244 541 113 786 709 -1 571 620 -1 106 821 330 312 325 917 786 425 19
926 734 -1 964 -1 -1 565 39 457 838 -1 339 -1 794 684 721 -1 547 492 584 141 758 18 796 156 -1 690 799 218 995 74 613 264 -1 767 335 977 11 691 481 881 101 174 421 835 22 515 184 10 577 852 597 266 875 -1 264 -1 745 866 105 90 783 -1 486 603 658 912 586 294 -1 -1 721 474 795 -1 212 130 -1 233 622 -1 398 963 626 71 559 475 831 679 506 -1 466 174 984 -1 812 450 312 767 149 388 64 692 170 868 576 136 525 930 623 915 282 678 413 19 346 800 674 417 691
144 651 889 561 -1 476 141 752 835 32 70 63 -1 219 114 58 733 -1 743 59 809 60 917 -1 -1 382 272 463 363 728 440 855 353 109 304 461 501 842 346 725 973 470 807 647 -1 421 30 115 133 390 57 141 15 513 19 77 388 604 618 373 769 664 166 193 680 317 690 149 140 206 420 82 -1 791 237 815 122 -1 314 349 263 836 676 261 859 757 764 746 952 995 524 59 884 867 58 814 -1 651 383 44 421 -1 732 253 547 706 380 572 -1 258 955 -1 70 -1 952 435 481 316 844 690
-1 326 788 645 390 939 826 835 401 822 95 740 637 165 933 750 604 -1 821 292 622 382 497 810 801 402 599 102 445 72 148 719 -1 967 -1 218 724 393 165 732 329 947 887 212 757 36 557 875 136 273 116 285 358 592 31 833 723 637 386 154 628 283 159 946 -1 762 796 397 69 714 245 279 950 -1 420 358 543 834 540 80 926 187 815 274 85 79 951 246 293 698 783 760 699 911 849 380 578 653 497 776 925 161 -1 435 88 827 386 252 876 513 214 521 548 5 463 391 127 555 338 599
909 432 215 869 233 612 355 -1 969 691 887 262 -1 920 675 814 763 97 875 858 436 18 277 769 486 654 75 54 430 -1 435 915 114 145 533 355 285 911 -1 116 303 420 923 99 96 23 -1 162 503 503 324 719 41 662 711 584 822 -1 990 115 422 292 769 52 -1 389 107 723 944 551 577 322 484 674 333 64 -1 316 661 897 714 881 591 148 267 119 -1 -1 -1 325 120 970 99 636 -1 934 156 775 235 -1 -1 800 -1 260 497 903 621 893 409 494 130 199 357 -1 579 170 896 781 312 163
-1 115 367 441 60 10 711 7 19 395 523 70 981 565 464 328 704 533 623 899 820 544 728 362 784 744 901 869 277 390 768 789 971 662 345 456 965 940 938 -1 -1 211 152 768 -1 -1 445 440 892 422 -1 472 343 572 520 597 177 -1 683 289 725 778 31 541 154 341 695 953 -1 951 916 420 114 278 863 810 -1 376 877 148 103 288 997 14 669 865 831 570 -1 44 521 279 328 741 519 117 796 617 41 855 138 779 62 282 104 180 277 174 354 180 341 846 799 883 649 268 657 875 -1 710
966 -1 401 617 810 87 561 351 -1 115 918 725 205 430 722 72 524 -1 166 782 665 211 612 704 706 19 778 -1 817 771 859 635 704 716 259 911 432 375 -1 580 233 908 7 661 816 411 -1 812 245 532 621 682 481 839 270 188 709 747 14 383 942 805 -1 935 882 12 853 883 749 33 742 161 586 372 20 363 302 345 425 313 507 478 216 643 194 912 165 487 564 570 800 478 560 61 645 137 940 740 633 88 496 355 920 961 -1 909 720 802 867 240 795 671 353 479 345 390 69 867 109 870
-1 -1 855 747 478 985 701 753 113 819 -1 240 345 23 940 905 22 773 896 27 390 708 -1 874 711 604 72 679 352 524 57 87 501 851 560 879 946 579 71 776 1 901 244 565 555 -1 -1 343 310 8 44 875 428 214 840 185 884 436 209 551 633 928 -1 799 962 906 -1 621 475 804 502 357 746 489 937 208 87 75 117 858 757 899 128 562 529 925 927 998 434 -1 837 394 60 422 456 364 549 437 511 385 26 281 663 -1 -1 -1 792 803 4 497 953 335 630 142 -1 191 618 697 -1 28
192 644 -1 81 405 940 6 150 20 815 442 139 576 -1 282 334 803 730 344 570 845 219 783 252 -1 615 648 187 570 740 999 966 478 75 963 174 367 293 266 712 292 591 253 247 70 448 765 530 865 308 331 670 564 400 850 248 512 431 559 838 880 -1 308 788 728 936 78 646 816 709 461 900 143 982 457 354 141 986 555 422 443 856 184 5 599 267 713 69 27 791 -1 804 110 476 -1 -1 421 60 546 926 -1 55 393 470 204 289 419 653 987 180 454 906 649 509 196 448 385 933 212 677
274 538 861 190 170 958 993 76 934 422 438 -1 57 799 296 189 -1 853 19 288 723 470 21 543 116 843 285 212 811 862 198 22 -1 502 -1 -1 751 326 828 668 73 971 976 522 -1 860 677 -1 505 64 652 852 168 853 10 762 827 468 543 70 875 301 636 -1 239 137 371 516 944 -1 163 480 457 495 131 899 474 790 887 877 899 877 799 36 953 499 154 -1 780 271 779 614 477 97 423 -1 187 501 521 215 468 918 -1 305 259 93 274 551 976 465 749 30 886 176 627 512 861 590 715 279
82 807 485 387 -1 781 408 385 39 488 875 43 141 490 -1 -1 96 906 142 645 845 554 564 681 667 885 326 490 636 -1 948 430 457 564 191 -1 -1 31 -1 -1 60 -1 208 802 818 736 251 220 343 413 379 448 399 334 17 141 705 78 -1 27 -1 6 705 604 178 -1 868 319 406 887 752 398 642 452 739 -1 -1 924 227 978 680 528 -1 438 997 838 417 66 688 848 552 -1 317 456 442 746 994 887 721 852 758 191 491 258 -1 58 906 220 922 938 575 -1 916 401 575 96 309 966 782 51
-1 462 525 -1 983 367 20 395 103 637 -1 557 -1 171 302 496 863 249 538 532 122 825 775 829 573 409 -1 -1 224 528 542 269 -1 18 -1 310 -1 575 -1 901 503 572 337 358 -1 21 -1 255 133 815 -1 732 327 98 519 128 869 228 861 59 945 579 -1 -1 -1 306 787 391 798 421 412 899 135 329 451 179 96 644 728 647 -1 206 530 -1 233 486 841 -1 736 130 328 345 626 560 147 171 466 628 169 -1 544 648 208 362 582 806 80 590 659 246 379 -1 192 469 677 115 296 336 828 378
449 533 594 168 610 -1 259 818 661 52 894 752 45 410 969 496 528 217 -1 592 53 837 255 107 184 885 355 620 884 555 787 438 -1 270 418 492 970 -1 696 630 546 679 473 689 831 950 420 447 309 -1 838 667 812 710 240 939 811 684 36 151 58 473 734 293 788 502 426 491 550 226 686 -1 9 646 252 647 518 248 53 -1 418 -1 506 873 731 320 55 746 68 806 -1 351 516 463 112 237 507 472 -1 505 450 385 413 734 394 964 550 943 521 597 410 144 635 -1 920 358 244 846 563 263
105 161 927 937 104 971 973 797 915 935 856 198 199 334 82 -1 395 -1 387 58 832 -1 783 940 31 640 948 216 918 890 38 79 861 90 165 989 725 332 -1 247 259 845 846 589 357 701 433 81 542 330 933 -1 889 609 390 736 526 517 231 -1 -1 -1 709 519 614 549 233 763 394 677 961 -1 334 994 840 182 -1 821 19 416 178 23 621 -1 520 741 531 963 859 881 -1 -1 376 277 832 215 123 458 695 522 816 986 585 444 5 854 183 862 -1 392 767 505 -1 330 181 407 633 417 557 807
781 301 906 893 141 745 989 -1 79 923 41 87 974 -1 305 124 -1 614 340 315 -1 105 595 545 165 23 -1 327 -1 874 -1 -1 722 984 675 98 599 461 592 836 100 851 21 -1 558 722 886 -1 648 241 373 198 438 216 460 105 213 66 392 448 359 556 607 224 911 260 -1 602 843 227 250 227 367 425 349 996 69 353 221 809 718 60 24 55 490 168 120 424 212 615 882 595 326 736 157 941 794 548 -1 443 503 191 226 357 944 366 831 838 848 930 455 739 -1 357 222 108 280 -1 598 111
600 716 623 102 532 241 59 56 477 84 574 841 996 83 561 213 662 764 796 231 130 417 490 272 242 -1 628 834 195 714 888 -1 -1 252 705 932 42 832 460 724 734 845 658 809 122 397 766 906 664 785 320 318 259 78 824 660 -1 19 31 274 5 939 422 918 760 899 -1 -1 248 736 312 77 679 -1 723 528 530 288 440 939 707 823 347 -1 239 552 228 704 650 414 123 57 631 795 185 549 276 -1 759 338 481 294 483 28 853 983 825 491 925 712 36 741 817 723 359 122 -1 984 922 968
537 999 500 -1 76 751 606 632 711 716 169 865 234 237 36 68 732 252 -1 236 790 770 635 615 -1 890 256 -1 822 73 777 491 871 11 6 313 657 563 30 300 -1 121 -1 793 994 257 971 787 934 492 897 934 901 74 106 68 351 243 426 13 580 545 801 742 676 108 66 581 111 841 526 943 193 164 90 899 278 255 898 822 624 258 -1 -1 721 -1 249 490 318 44 796 707 483 905 22 455 870 642 483 248 341 526 839 945 714 480 489 530 351 952 324 948 463 -1 90 992 157 877 977 452
950 414 176 697 780 353 -1 59 653 411 -1 122 616 49 466 -1 785 823 784 780 960 149 766 850 775 847 189 295 901 6 970 474 171 702 218 50 59 784 258 332 249 445 165 951 819 -1 984 57 738 268 254 342 630 270 534 410 585 46 965 -1 760 13 763 631 324 146 228 448 -1 353 904 27 728 190 630 719 831 678 416 357 351 151 746 918 205 788 599 305 751 758 957 529 317 970 -1 205 913 134 931 770 -1 152 844 297 87 843 -1 915 291 918 841 -1 623 791 991 283 -1 117 967 5
696 163 562 -1 637 -1 170 845 396 865 -1 198 999 480 -1 214 341 824 622 595 159 526 655 -1 658 574 222 -1 932 717 921 786 -1 863 -1 863 975 759 813 -1 156 1 432 582 -1 662 -1 -1 17 93 159 857 990 727 854 706 673 298 574 -1 663 98 684 441 816 85 246 127 25 257 90 899 407 84 595 71 520 477 375 7 650 710 439 739 109 71 543 793 726 792 387 96 657 874 79 352 156 441 -1 534 537 597 766 37 619 660 226 272 -1 950 -1 490 158 539 674 23 708 632 322 98
399 772 103 609 191 868 342 781 -1 3 51 102 143 -1 690 931 480 127 954 924 221 939 808 335 769 550 966 924 731 551 494 672 763 87 596 346 535 807 443 512 729 98 858 915 -1 648 86 896 673 51 10 849 271 -1 217 564 346 645 12 596 926 113 450 458 694 244 -1 206 506 430 414 337 -1 793 184 127 272 897 481 -1 978 701 -1 278 375 390 402 132 142 857 411 586 766 -1 139 746 496 773 797 602 627 407 544 114 334 764 475 143 571 23 982 905 529 -1 422 392 465 568 322 759
465 681 -1 766 782 503 431 1000 341 83 638 102 457 530 54 811 256 724 496 350 686 637 902 -1 849 869 720 815 816 412 942 447 489 356 842 922 95 642 -1 310 469 370 227 983 -1 577 731 -1 324 571 97 474 855 612 130 256 777 866 867 580 994 707 827 45 619 -1 41 66 241 730 199 5 36 901 798 567 -1 621 453 178 -1 291 445 837 518 885 139 169 388 971 -1 515 28 662 500 112 743 87 472 33 640 457 532 932 940 855 -1 -1 997 321 922 833 19 855 784 697 88 782 456 259
390 496 976 268 641 886 377 654 668 -1 382 486 247 738 675 272 688 65 562 828 235 130 -1 428 275 481 746 804 277 18 -1 214 526 -1 26 257 -1 522 84 970 -1 -1 501 898 59 903 205 209 432 883 943 -1 253 979 307 615 -1 679 788 146 377 99 231 -1 -1 82 203 921 553 962 643 487 307 131 -1 401 630 -1 385 31 856 523 518 -1 -1 653 -1 63 972 669 590 201 134 566 -1 779 -1 822 47 227 463 258 229 472 134 -1 362 115 376 460 481 573 891 357 981 133 273 541 506 510
117 250 14 -1 802 180 423 951 -1 730 594 298 369 864 -1 910 296 355 295 378 439 511 506 914 -1 -1 176 44 376 661 465 668 436 8 849 53 912 657 215 229 641 484 496 649 813 516 405 245 912 471 868 -1 525 77 478 559 445 434 -1 -1 177 749 116 302 160 -1 -1 486 723 391 725 576 -1 246 -1 548 797 797 378 310 995 755 140 393 901 597 889 81 420 776 171 503 891 354 18 944 57 292 91 328 279 208 664 147 609 468 997 351 416 701 168 112 54 854 -1 -1 51 146 728 468
-1 -1 810 422 655 777 632 54 127 158 388 116 894 665 411 491 283 251 415 374 770 983 527 338 595 562 578 876 -1 -1 18 682 659 612 385 186 452 681 422 169 -1 689 970 831 22 805 10 929 668 139 -1 233 91 661 605 468 869 569 502 127 774 533 357 337 437 298 763 801 232 171 971 32 756 785 318 711 919 739 604 237 31 583 64 583 246 694 -1 984 179 774 219 167 846 82 908 295 852 380 446 488 343 203 916 85 658 206 43 160 795 -1 767 226 448 408 -1 148 806 381 236 371
482 713 623 480 799 644 762 -1 883 351 549 -1 -1 644 904 632 673 814 -1 -1 931 201 75 629 656 313 756 237 -1 460 226 632 -1 200 729 364 514 256 -1 226 -1 686 635 24 502 -1 771 625 383 -1 968 86 95 630 988 508 239 337 335 17 794 448 243 242 532 447 943 950 702 -1 215 145 118 281 -1 218 758 -1 687 137 619 -1 13 219 227 152 380 978 502 143 611 765 976 867 341 196 603 838 540 590 525 148 796 -1 46 509 454 602 591 265 244 150 760 672 653 891 117 -1 791 210
317 455 214 947 857 67 183 15 205 563 45 496 461 214 -1 407 383 283 255 292 99 -1 624 41 35 74 926 822 -1 645 335 192 947 161 227 230 -1 67 726 621 753 -1 -1 518 -1 281 109 104 693 -1 -1 872 -1 442 196 -1 115 435 566 -1 484 740 487 988 448 519 356 525 748 96 692 887 266 -1 14 663 411 53 569 519 618 287 700 510 782 36 937 544 354 -1 856 730 880 699 414 981 602 444 414 134 522 198 847 514 183 402 113 932 442 64 866 171 624 218 -1 407 -1 982 299 699
712 603 794 241 -1 799 127 -1 998 91 815 406 666 786 753 709 964 576 676 536 990 46 672 181 527 452 502 158 103 931 726 349 822 973 57 -1 800 826 101 994 394 193 735 130 333 306 885 502 311 607 -1 462 734 658 752 390 661 241 112 145 448 550 484 456 198 -1 594 141 -1 961 804 98 -1 -1 968 229 395 755 429 317 45 43 722 742 135 892 642 708 603 264 211 353 583 218 440 784 907 756 -1 473 937 -1 25 811 373 964 270 284 486 416 376 320 706 16 984 868 -1 -1 805 -1
204 228 178 912 -1 343 627 13 -1 454 829 277 149 916 283 983 940 -1 684 568 975 46 542 11 138 90 563 792 502 545 199 48 751 37 483 -1 -1 601 584 485 235 76 -1 -1 759 264 881 728 993 188 471 985 790 36 378 65 -1 898 -1 795 320 491 437 191 166 -1 77 -1 460 292 949 155 575 905 312 863 505 -1 624 388 876 318 733 -1 509 26 279 -1 609 -1 489 540 198 190 -1 730 138 946 337 -1 443 828 -1 900 672 882 899 648 -1 628 -1 387 356 136 958 711 467 -1 -1 65
234 251 538 -1 109 291 709 -1 894 701 341 513 307 637 71 478 179 80 936 775 -1 206 -1 544 789 86 441 716 401 740 -1 747 147 698 488 -1 -1 -1 943 441 381 345 -1 171 -1 42 658 828 876 -1 859 547 704 613 659 708 387 985 204 155 120 966 102 818 693 79 834 870 392 -1 -1 483 916 237 94 636 425 456 704 132 616 918 640 144 -1 806 646 -1 34 961 -1 139 -1 748 918 810 195 590 902 293 -1 316 718 944 932 572 556 488 371 681 547 575 189 970 569 350 401 952 800 -1
321 539 776 316 924 749 274 205 816 631 349 939 493 -1 -1 788 987 531 30 851 206 261 163 154 762 356 13 -1 69 -1 685 473 764 578 400 176 153 -1 460 -1 190 541 -1 787 -1 20 558 504 282 723 708 -1 -1 587 89 114 911 451 908 -1 532 779 924 829 418 686 779 82 552 125 235 -1 543 857 763 561 393 327 250 967 383 125 39 628 443 297 541 432 246 422 178 526 310 767 577 889 204 114 948 304 546 -1 471 452 254 426 -1 902 850 -1 790 -1 540 144 761 656 314 271 236 182
714 764 367 456 424 45 637 264 621 -1 551 102 393 965 152 45 768 647 206 343 338 281 724 394 294 668 -1 845 523 612 -1 970 358 162 -1 935 638 577 314 876 899 59 402 72 997 7 -1 574 -1 978 528 239 407 920 -1 899 471 29 598 -1 504 358 871 498 202 503 603 167 343 341 4 455 159 398 -1 -1 51 537 75 487 196 179 -1 267 106 -1 398 269 442 154 389 509 259 618 835 380 985 86 978 476 960 502 670 624 32 -1 617 -1 560 588 292 43 -1 137 901 301 982 241 183 768
408 710 106 230 47 872 964 532 873 72 455 491 -1 361 679 801 156 867 754 623 252 543 979 47 -1 60 -1 -1 -1 252 653 616 872 708 650 -1 529 39 292 112 376 21 275 124 651 561 327 286 754 672 660 206 953 157 284 45 639 398 -1 164 483 40 904 365 574 196 833 193 853 808 164 678 768 379 707 745 660 -1 66 -1 930 671 455 854 387 692 272 619 719 776 123 433 596 147 386 836 552 -1 921 213 997 151 -1 972 864 60 -1 738 650 714 572 255 948 -1 -1 617 548 313 557 790
182 256 658 698 807 830 771 58 968 397 984 205 478 -1 605 699 159 82 390 19 962 383 -1 862 501 274 -1 587 39 186 426 272 546 141 720 982 592 564 521 553 346 354 931 -1 220 638 472 646 156 734 898 -1 427 -1 385 371 401 80 959 118 80 -1 854 870 881 574 734 477 964 268 805 570 816 630 179 551 241 -1 424 872 338 892 649 291 50 970 683 32 184 927 768 904 606 959 226 734 140 922 -1 453 172 50 724 497 -1 773 738 754 4 114 219 -1 696 182 915 -1 452 266 695 340
184 284 414 48 859 539 623 485 7 461 698 950 882 67 93 206 356 -1 89 247 617 735 339 257 945 240 969 423 515 405 784 591 966 830 28 630 163 385 163 206 298 618 819 53 624 654 985 404 423 772 587 -1 418 -1 250 65 551 -1 37 741 37 923 259 336 655 626 244 882 -1 467 242 168 303 366 467 875 279 193 768 343 753 129 690 652 453 247 652 271 397 121 346 852 539 744 537 848 439 731 509 510 93 624 194 338 851 104 807 861 328 616 65 393 623 249 -1 459 991 595 911 71
92 -1 834 -1 286 389 623 795 221 290 945 664 155 268 189 420 591 -1 544 701 -1 754 143 385 358 591 894 416 838 542 293 624 401 155 780 539 -1 783 163 655 560 288 845 633 790 453 -1 632 576 553 685 677 761 885 374 -1 259 -1 81 64 367 813 46 729 640 -1 8 943 887 -1 749 965 928 41 402 756 803 221 289 -1 796 26 283 -1 180 851 654 477 548 -1 644 346 63 -1 847 -1 805 385 905 457 300 869 569 -1 399 -1 206 461 610 620 945 945 39 438 616 608 336 628 653 699
64 220 814 30 502 839 324 303 25 265 292 223 371 795 948 -1 307 575 295 4 735 122 347 127 738 35 194 605 247 665 731 970 944 901 450 755 89 -1 286 -1 796 283 634 993 -1 801 238 548 405 239 271 906 403 -1 763 658 122 560 845 68 400 -1 693 556 261 537 327 153 222 551 377 272 26 82 757 230 -1 854 562 225 658 641 43 123 836 525 907 988 541 870 69 79 454 310 -1 402 414 -1 645 527 51 317 419 520 -1 747 49 637 88 34 214 555 -1 181 829 -1 101 -1 744 -1
510 217 -1 614 854 605 611 929 629 259 253 515 439 314 87 517 764 321 98 -1 366 770 826 518 40 631 960 736 -1 353 864 943 929 105 85 730 682 242 580 799 748 588 816 811 326 987 943 -1 835 96 574 741 881 -1 34 -1 -1 59 482 151 994 549 895 791 -1 259 939 578 956 700 156 584 629 853 624 -1 -1 -1 455 117 576 905 622 338 263 770 766 -1 518 751 500 317 121 286 457 748 930 -1 579 968 901 60 225 45 650 852 944 801 21 46 96 -1 288 935 512 881 282 301 728 240
196 623 638 894 821 386 475 591 595 795 -1 66 218 472 328 199 654 64 482 862 82 321 332 501 345 237 769 -1 -1 520 -1 172 293 541 589 615 -1 264 713 566 759 -1 536 791 247 663 944 860 850 262 741 709 158 119 213 480 58 895 874 465 852 966 172 344 344 288 745 -1 82 917 -1 842 696 76 923 812 176 93 688 871 453 2 849 557 429 458 -1 -1 646 224 425 507 401 -1 -1 263 193 30 -1 916 417 291 305 798 635 793 403 203 116 947 -1 761 621 329 353 632 111 -1 2 -1
649 309 763 60 765 785 429 574 -1 183 423 863 915 25 774 595 686 682 217 219 895 990 319 862 242 880 93 696 494 -1 639 717 713 953 227 327 475 65 641 740 -1 -1 70 256 719 442 405 267 322 89 904 606 667 32 928 615 949 616 201 -1 167 196 699 391 827 788 63 568 440 782 -1 249 658 1000 886 472 184 70 382 357 836 874 350 278 589 944 1000 -1 694 951 556 992 534 -1 818 182 47 537 590 468 567 562 327 396 434 500 101 391 356 195 163 462 837 -1 179 727 -1 365 891 346
27 554 897 55 135 803 393 733 60 413 -1 -1 979 -1 32 938 129 694 16 424 549 706 605 402 342 347 719 521 632 103 923 885 190 -1 917 173 402 686 836 281 755 -1 706 517 589 608 -1 381 691 429 855 80 238 29 689 92 117 15 956 718 672 917 95 766 750 12 741 876 23 71 138 763 309 220 773 352 908 271 994 342 403 -1 288 578 311 758 214 925 827 264 628 499 509 430 933 -1 439 487 68 724 599 -1 55 769 276 841 441 718 447 863 238 369 484 623 135 728 163 815 -1 105
382 -1 625 287 264 938 -1 922 324 504 732 819 720 -1 313 258 846 145 949 162 664 269 525 904 887 118 202 349 84 566 337 113 464 70 861 484 -1 970 445 351 511 217 966 491 564 420 200 416 509 948 889 139 14 154 615 604 167 68 936 168 292 -1 178 503 45 336 110 163 943 391 625 722 167 333 963 728 776 793 -1 726 145 801 519 978 506 74 363 208 509 907 859 588 578 826 -1 649 459 488 89 84 644 106 728 669 770 816 740 101 377 -1 20 444 123 610 8 629 207 450 329 488
158 268 202 526 129 976 734 921 372 510 243 131 904 138 286 612 -1 876 956 -1 51 283 148 -1 454 585 631 93 805 715 143 262 878 450 225 -1 827 436 788 -1 631 762 -1 935 99 180 211 748 321 868 729 139 425 841 -1 122 113 512 100 67 311 389 952 -1 171 566 782 906 319 406 719 736 258 517 -1 554 346 205 759 642 925 158 705 843 680 455 513 544 399 418 988 803 684 -1 781 586 62 557 -1 862 964 440 534 672 430 455 967 176 900 554 766 430 554 91 897 76 779 809 255 570
51 75 284 925 -1 683 -1 162 568 919 429 593 891 -1 844 722 126 155 577 750 -1 133 359 370 -1 432 948 374 508 499 746 108 103 259 302 319 692 141 509 829 -1 -1 449 -1 377 785 572 177 278 710 -1 831 556 982 97 348 124 489 -1 533 326 267 398 306 -1 -1 -1 680 29 29 61 160 -1 499 -1 274 640 997 175 862 379 530 -1 71 861 326 316 7 982 643 280 765 11 995 -1 122 -1 374 -1 327 935 854 -1 814 551 -1 745 372 156 38 487 264 625 14 603 326 261 971 767 571
118 697 545 -1 65 -1 548 630 775 832 412 624 802 533 357 934 306 135 854 417 652 427 66 902 739 155 675 108 208 -1 -1 663 879 31 715 864 509 31 -1 414 545 553 522 143 105 727 103 641 446 674 580 579 456 286 -1 870 828 -1 123 567 858 788 -1 934 920 964 396 178 614 -1 298 395 659 690 120 -1 928 351 -1 692 644 816 -1 844 23 833 471 396 791 295 150 25 282 346 -1 775 329 900 750 63 802 473 573 319 360 696 662 437 861 366 909 817 581 -1 137 539 417 830 147 28
586 652 479 476 116 982 568 465 462 379 -1 257 594 829 560 501 789 24 896 448 579 702 738 728 -1 780 -1 647 79 483 -1 532 -1 612 734 382 711 845 244 92 176 606 707 562 918 27 223 318 881 -1 62 -1 498 692 63 175 990 327 263 468 996 755 423 -1 444 -1 407 92 704 168 793 348 110 266 611 361 893 712 961 766 462 378 229 316 684 651 140 310 965 436 340 739 230 868 -1 148 994 -1 826 657 691 666 750 834 404 512 666 206 530 241 430 34 692 943 749 558 -1 117 -1 836
680 551 298 858 -1 -1 94 244 713 621 875 685 319 670 791 860 44 773 569 959 610 764 -1 87 910 166 697 171 179 644 966 270 593 239 481 527 410 82 955 221 301 939 123 891 544 718 426 -1 -1 539 -1 291 433 998 304 294 963 748 669 895 -1 -1 137 523 -1 532 -1 772 401 340 81 515 268 -1 776 819 91 53 334 472 925 275 151 293 412 221 327 516 477 401 874 669 954 138 390 700 763 828 5 720 48 187 10 238 -1 203 328 236 -1 984 44 852 160 180 754 207 303 373 338 382
-1 285 483 575 502 401 29 90 654 784 417 368 -1 996 -1 187 871 843 583 780 767 871 405 -1 998 464 79 438 485 -1 432 572 627 438 199 739 610 433 248 502 100 -1 638 804 749 121 892 126 729 97 -1 683 -1 829 872 65 -1 754 195 842 177 703 527 825 412 316 915 980 656 419 290 134 876 477 218 443 360 368 -1 978 688 -1 137 709 53 362 -1 -1 42 506 852 -1 125 190 979 28 -1 245 187 95 39 -1 987 -1 480 570 606 823 388 193 535 488 808 885 154 302 43 838 -1 489
692 543 770 -1 -1 679 671 943 306 489 -1 805 650 452 944 82 371 401 430 595 924 358 606 88 862 334 588 381 12 717 822 76 999 853 862 192 741 -1 658 82 -1 154 403 -1 273 217 132 181 619 37 660 -1 78 985 981 365 464 813 201 477 52 701 327 213 58 436 965 961 795 747 694 486 695 134 237 752 458 -1 575 505 580 404 -1 92 270 326 963 50 486 487 683 209 411 729 637 886 -1 309 532 811 91 879 12 61 851 555 260 708 -1 48 71 383 11 745 687 239 365 2 573 712
90 10 -1 55 -1 498 797 562 553 370 708 901 208 392 37 460 964 67 921 204 588 681 208 377 259 352 633 472 920 210 665 692 470 279 732 954 768 237 257 846 171 -1 -1 146 -1 64 464 832 309 75 925 318 918 -1 281 62 174 751 578 682 449 564 343 397 47 967 309 -1 551 -1 349 661 -1 221 781 526 3 -1 853 788 285 282 779 906 675 131 -1 996 215 962 789 321 -1 698 202 433 -1 143 884 493 47 421 600 35 306 21 209 -1 100 879 803 59 56 214 38 504 298 871 773 710
-1 787 976 647 184 477 -1 861 -1 244 407 -1 405 -1 532 -1 424 807 575 756 -1 60 511 374 47 680 513 622 393 184 803 104 952 726 108 288 -1 438 83 451 -1 769 346 -1 980 576 584 331 901 -1 773 457 300 825 827 118 365 -1 330 -1 739 657 440 361 120 551 886 760 878 -1 497 -1 -1 748 60 287 648 548 192 983 700 507 604 974 368 779 401 545 830 546 545 796 957 -1 -1 213 -1 614 603 291 355 144 679 422 491 472 608 689 22 490 235 67 20 48 246 520 176 698 171 516
7 959 -1 -1 838 572 279 478 891 775 236 398 823 78 902 73 899 502 -1 525 846 770 539 287 998 401 97 52 388 257 -1 863 990 900 219 564 290 593 415 314 433 855 397 973 739 5 44 324 188 659 219 748 488 383 707 401 29 442 217 -1 270 932 528 74 172 755 643 -1 678 878 187 855 541 352 30 899 451 829 371 561 805 512 522 630 -1 999 513 762 -1 797 773 272 201 891 -1 138 -1 426 293 351 -1 210 327 -1 318 52 -1 120 -1 510 583 633 470 432 -1 -1 81 946 119 698
146 279 446 827 -1 92 310 211 -1 597 399 651 865 106 715 574 -1 278 388 723 -1 949 922 101 394 759 568 -1 273 333 -1 13 828 327 182 540 948 608 58 123 -1 33 -1 246 457 493 21 1000 333 -1 268 94 483 290 -1 815 367 -1 -1 719 891 301 574 522 708 725 478 431 437 973 687 252 862 774 534 779 342 528 764 278 207 936 41 208 520 96 334 385 988 918 66 3 176 756 596 770 985 192 -1 7 556 916 862 762 885 702 914 456 322 161 642 821 867 481 257 209 180 958 753 550
259 786 -1 345 70 423 392 887 762 938 430 188 812 36 770 902 77 -1 -1 782 886 850 342 635 308 892 739 951 971 151 749 427 775 968 623 -1 415 574 527 407 76 732 130 217 482 859 568 77 -1 947 895 673 683 183 347 417 122 155 51 223 847 126 289 754 804 690 780 941 227 817 734 335 -1 427 623 274 468 -1 -1 947 678 733 887 -1 308 588 195 874 268 314 33 481 642 -1 507 839 257 905 915 873 760 454 505 909 825 397 599 367 508 160 121 758 252 454 453 300 582 270 676 -1
637 843 26 458 253 -1 756 -1 372 574 423 395 314 -1 66 612 584 658 75 829 5 554 819 727 132 146 389 472 958 773 481 812 -1 555 589 306 471 698 342 244 989 373 429 341 42 679 942 -1 262 584 805 -1 760 990 705 681 654 495 281 952 674 51 720 287 353 562 832 256 739 381 776 689 -1 442 970 168 426 545 71 429 165 -1 326 251 614 876 74 579 180 952 572 -1 887 868 584 97 606 778 509 905 788 28 666 771 419 -1 971 483 -1 888 864 543 164 9 635 235 -1 -1 606 204
776 972 300 142 -1 860 482 573 231 291 86 28 748 -1 955 416 -1 771 59 739 487 376 675 983 946 48 -1 617 395 381 85 60 993 959 311 22 -1 638 -1 659 499 431 107 -1 837 336 463 243 872 742 154 234 60 114 508 1 133 176 651 -1 643 251 378 146 936 55 366 -1 599 405 16 720 956 99 432 417 -1 667 300 993 134 915 657 248 554 -1 448 723 -1 -1 -1 804 311 -1 931 584 286 291 758 295 841 327 79 578 318 179 237 5 621 158 35 153 349 -1 120 -1 266 944 952 157
788 265 254 968 -1 96 -1 491 707 775 562 234 -1 41 529 384 939 533 215 -1 528 202 446 653 128 594 778 554 187 118 912 571 891 676 937 -1 764 469 95 399 722 701 78 594 460 311 28 826 175 -1 714 451 372 941 642 703 578 413 587 729 537 571 898 851 377 599 442 683 784 635 -1 220 664 41 946 552 436 193 343 580 481 -1 625 -1 58 808 49 11 949 621 162 57 -1 223 503 722 -1 594 719 463 -1 278 150 -1 490 959 691 -1 955 105 280 -1 605 122 588 590 556 174 421 24
197 -1 869 -1 463 727 -1 197 508 367 765 27 715 867 132 429 605 -1 380 328 876 394 -1 -1 -1 920 389 578 -1 698 257 700 34 -1 960 319 876 710 604 687 221 12 573 15 937 641 923 1000 308 839 422 269 844 890 103 98 667 388 157 136 501 586 266 889 822 735 715 -1 556 -1 32 -1 220 383 468 578 741 590 -1 198 28 400 844 464 758 284 -1 -1 342 668 875 -1 304 -1 474 978 96 958 236 -1 407 418 730 949 363 905 348 193 723 2 654 943 651 -1 905 194 227 780 71 415
718 191 158 633 307 164 335 805 -1 701 278 -1 457 131 739 679 833 61 284 511 498 -1 975 808 18 997 944 898 111 716 621 691 30 360 548 909 684 145 504 111 762 498 881 441 445 352 752 692 908 -1 76 235 817 723 -1 784 479 -1 633 366 432 978 -1 431 611 130 189 -1 149 77 318 698 45 122 638 -1 299 306 142 591 672 246 663 660 456 79 613 965 216 -1 72 -1 -1 733 363 499 769 973 277 919 378 685 521 612 -1 150 -1 528 38 966 796 611 757 135 894 62 889 125 647 812
