150 150
871 16 833 285 165 -1 78 976 370 -1 618 432 692 179 678 468 246 629 597 -1 964 550 920 683 447 669 865 863 423 33 838 74 876 -1 969 616 987 99 827 358 425 698 633 886 467 677 841 181 356 230 -1 340 249 -1 597 943 690 754 933 495 65 691 411 555 552 719 452 -1 849 -1 -1 52 156 465 819 470 794 458 266 715 337 932 758 634 -1 927 850 26 986 872 736 92 -1 786 109 293 489 610 806 359 606 213 701 909 884 712 740 681 214 374 802 215 419 893 205 -1 92 357 468 199 290 302 520 415 350 284 458 602 707 376 415 173 426 68 752 17 668 759 383 191 316 -1 959 -1 76 197 450 824 17 348
589 956 783 856 49 593 -1 881 333 176 121 886 169 -1 524 91 592 62 887 483 740 619 844 845 573 398 444 43 192 195 999 923 386 620 -1 973 594 652 857 971 406 440 -1 504 416 987 796 39 901 724 526 714 97 833 110 655 297 870 354 535 623 298 -1 694 235 -1 486 -1 597 364 -1 638 544 -1 33 -1 347 183 368 488 176 -1 983 253 396 599 895 32 127 -1 -1 183 395 -1 757 640 49 55 593 344 409 501 731 73 260 472 -1 932 145 550 723 343 590 956 438 150 650 -1 -1 15 314 863 880 -1 728 307 475 641 413 463 718 792 519 159 -1 171 281 507 670 788 570 913 325 325 469 -1 541 390 942 936
37 11 446 490 939 959 -1 -1 467 182 783 557 198 764 160 224 613 850 396 196 549 159 606 74 467 -1 961 -1 175 648 342 266 497 350 -1 514 716 50 291 896 913 440 124 899 840 83 533 564 495 88 119 872 227 24 470 729 430 673 171 512 414 768 459 24 377 836 189 383 544 28 819 34 -1 780 787 173 44 37 -1 465 23 697 18 43 703 245 731 485 304 566 886 612 440 -1 741 498 483 162 563 296 748 742 782 166 370 399 985 968 80 898 -1 263 798 675 713 -1 179 415 574 434 446 237 873 493 134 828 585 757 -1 719 194 -1 700 619 233 708 582 336 503 597 642 822 385 521 618 95 112 277 737 775
378 360 581 868 132 947 -1 663 414 634 -1 418 473 -1 -1 276 654 59 754 919 -1 35 896 563 761 698 607 742 72 723 300 720 106 642 476 171 154 633 4 823 370 274 923 655 52 -1 580 564 589 942 374 263 -1 823 72 758 454 697 638 689 866 674 479 58 490 849 500 383 597 482 838 815 447 281 116 -1 447 559 180 883 -1 656 588 921 738 171 350 193 610 581 881 522 534 155 820 993 592 400 147 668 492 906 583 655 -1 867 996 283 606 729 244 230 871 889 987 -1 135 250 502 62 379 642 632 835 773 303 531 990 394 -1 80 976 794 300 57 48 81 438 -1 697 971 963 175 814 430 79 307 960 -1 342
624 626 396 398 -1 477 72 554 852 560 -1 904 319 162 507 -1 324 -1 925 990 116 730 136 899 280 549 -1 951 389 732 842 640 868 8 679 992 361 979 513 291 956 -1 392 690 254 448 832 -1 718 51 372 689 943 614 61 80 -1 70 445 268 18 870 584 646 856 783 662 77 117 240 858 676 775 444 -1 983 772 145 739 827 891 653 567 210 727 -1 -1 697 148 230 115 -1 712 672 33 102 435 864 433 449 441 977 951 860 73 -1 624 329 537 353 51 559 591 257 585 451 425 869 233 403 -1 979 174 39 248 -1 79 662 972 754 163 624 842 730 50 480 725 658 -1 250 60 795 138 80 120 97 -1 894 104 452
-1 614 768 792 114 591 728 382 282 514 980 547 479 760 458 353 -1 108 418 442 -1 791 886 385 190 901 -1 786 532 -1 743 749 841 255 925 885 311 211 179 124 482 983 886 998 600 989 808 332 420 782 808 791 -1 3 858 555 51 123 162 820 -1 144 684 312 545 685 -1 344 390 632 124 335 147 18 708 268 753 136 990 63 376 886 557 487 -1 520 822 180 209 635 202 -1 776 126 887 98 35 677 577 373 742 376 470 -1 303 472 843 994 -1 453 882 382 833 46 865 390 578 -1 940 504 736 -1 80 950 753 233 447 603 713 802 834 410 556 531 -1 -1 -1 741 1 769 -1 585 699 470 683 342 65 548 496 462
397 241 699 568 137 -1 250 -1 803 949 -1 111 613 -1 501 97 -1 172 394 753 560 210 972 385 617 476 527 444 808 869 341 360 559 224 884 856 862 319 448 798 390 573 -1 242 558 -1 241 719 406 832 463 417 939 -1 388 -1 729 -1 443 190 690 171 452 710 613 495 -1 409 540 467 253 455 625 898 881 502 864 169 57 76 865 114 783 247 552 -1 985 327 661 576 775 198 910 979 307 211 435 859 832 937 672 19 959 191 276 519 835 38 -1 -1 25 -1 -1 -1 481 837 275 127 546 135 608 162 923 624 855 887 95 390 237 375 760 900 806 65 965 615 369 517 13 756 247 248 357 624 199 395 61 487 707 675
108 533 299 440 493 720 438 -1 794 249 417 816 714 844 365 317 903 300 496 360 15 16 466 339 389 330 712 332 35 476 -1 166 405 14 297 711 609 90 775 840 370 117 -1 463 195 739 484 923 225 366 115 -1 993 456 986 647 483 -1 174 421 873 591 772 108 567 924 765 366 177 453 749 -1 160 734 951 367 898 -1 179 285 302 -1 829 950 350 649 800 85 371 432 562 536 702 191 949 984 754 236 868 715 98 651 178 737 291 282 -1 864 684 936 806 939 803 674 78 995 173 198 209 578 408 450 986 77 777 848 199 873 516 21 868 343 750 974 262 843 101 374 878 923 554 15 714 178 332 459 435 -1 443 543
964 349 562 258 427 55 -1 211 -1 474 963 -1 766 480 35 144 -1 598 848 415 735 716 -1 250 370 680 470 20 873 -1 862 323 983 556 -1 401 291 473 470 -1 38 -1 -1 453 499 982 80 415 151 313 778 -1 962 478 171 549 750 234 259 781 265 747 377 706 230 26 866 428 96 412 -1 393 938 -1 830 179 946 207 177 550 748 964 188 632 515 163 920 143 142 232 888 629 332 505 379 833 -1 231 572 755 389 531 122 986 82 720 733 60 452 195 740 67 956 760 282 242 -1 -1 511 333 564 -1 402 534 995 61 707 446 805 220 129 634 827 347 381 -1 648 262 760 666 865 312 837 472 441 399 -1 -1 170 -1
212 858 106 365 -1 891 629 900 -1 467 182 891 415 258 168 325 108 513 838 171 453 418 510 461 751 588 -1 657 959 441 622 872 754 524 761 -1 8 676 407 76 805 848 351 414 688 780 668 931 51 469 355 182 630 357 818 704 959 276 139 966 439 499 687 374 920 394 -1 930 258 952 264 108 908 187 741 69 180 334 600 229 409 349 541 282 7 376 -1 463 719 -1 417 308 167 -1 828 844 987 496 372 742 235 129 635 7 236 708 585 272 -1 942 332 12 -1 433 904 641 890 132 848 360 334 348 898 289 406 612 165 192 281 496 701 774 250 -1 317 248 949 844 63 673 -1 200 -1 277 521 364 919 83 191 608
170 2 -1 860 92 759 867 342 927 525 558 405 494 244 346 139 381 152 541 409 25 65 582 14 416 172 543 -1 236 619 -1 213 337 924 334 798 115 274 804 561 447 351 -1 382 182 778 421 58 309 63 497 40 -1 782 44 941 131 565 547 635 115 678 442 265 800 477 907 703 441 272 633 546 650 356 438 130 147 -1 -1 604 509 373 720 737 835 438 203 199 677 38 295 930 75 418 585 651 390 -1 942 -1 145 378 -1 853 915 914 813 -1 42 33 547 510 494 46 546 552 -1 201 10 678 431 -1 725 566 951 -1 501 33 312 918 870 847 276 82 930 591 104 18 238 443 -1 48 564 768 47 168 678 783 945 288
523 741 333 523 605 -1 770 189 559 -1 67 308 833 448 82 -1 262 634 563 529 427 432 647 691 239 497 424 957 376 621 507 -1 238 229 946 664 296 906 609 886 215 335 127 217 646 445 -1 247 544 834 173 820 658 467 999 378 567 483 581 939 263 955 101 451 59 662 66 912 355 -1 987 186 101 52 566 265 129 237 965 81 -1 509 -1 488 398 623 585 916 617 738 249 240 407 842 215 185 656 -1 96 -1 678 512 -1 -1 -1 566 813 472 369 52 649 200 -1 825 213 423 395 -1 360 989 410 562 641 992 492 782 -1 267 85 842 679 591 296 526 946 699 654 -1 773 837 403 695 116 93 776 696 885 920 766 96
170 869 275 570 769 87 148 980 -1 441 85 421 -1 439 684 844 170 38 799 56 14 539 96 849 554 245 51 307 138 387 766 216 534 978 -1 509 216 173 162 189 233 -1 346 215 875 280 673 828 912 486 907 312 137 446 871 299 -1 916 980 173 982 779 193 559 76 904 31 701 736 20 522 456 801 30 -1 231 -1 546 642 588 631 -1 -1 614 345 754 714 347 191 -1 226 693 786 813 762 5 989 293 248 -1 916 991 913 443 963 328 315 164 909 478 600 233 882 467 821 554 27 205 410 649 116 791 424 701 630 654 536 309 147 675 490 749 144 972 590 971 264 707 263 70 737 176 260 919 862 518 149 374 562 616
236 376 268 376 904 741 549 292 854 301 213 125 -1 494 9 254 287 729 672 338 275 -1 214 381 877 473 -1 654 885 969 789 -1 59 326 743 730 240 424 651 34 214 779 601 790 -1 735 319 815 591 107 268 489 254 881 464 493 -1 858 761 831 982 994 321 347 164 183 -1 368 362 42 51 869 281 490 581 913 537 35 477 350 -1 99 399 -1 141 619 610 566 815 194 105 -1 880 915 759 893 940 9 355 163 646 794 126 -1 331 538 508 815 497 149 529 885 721 541 215 540 389 555 236 817 821 932 -1 838 904 797 61 578 372 922 -1 -1 756 286 535 970 464 438 335 496 754 799 537 758 275 -1 816 2 389 -1
255 23 525 459 302 204 493 175 -1 699 737 484 350 222 138 876 492 132 745 495 16 447 856 394 524 765 394 796 313 -1 354 251 804 989 864 82 469 -1 752 1 656 41 446 332 714 889 610 962 283 621 962 709 801 101 830 101 756 306 227 931 354 540 -1 -1 424 979 746 62 560 848 883 322 909 606 425 324 222 718 583 628 906 219 902 -1 333 237 545 285 816 803 825 360 397 482 977 641 444 54 788 809 575 941 146 334 78 -1 428 160 266 348 14 -1 753 290 375 804 679 -1 701 641 93 470 371 398 405 717 217 -1 864 223 585 815 128 474 420 263 951 -1 297 264 77 -1 911 516 305 712 556 630 601 279
732 664 273 993 874 214 43 109 931 -1 821 982 101 715 42 125 664 943 -1 46 716 815 254 440 425 -1 876 213 580 304 520 826 253 474 780 -1 168 2 456 491 462 225 402 886 190 909 650 957 563 872 518 284 381 248 919 453 25 476 -1 726 425 284 426 82 360 -1 27 419 988 936 691 361 971 782 363 591 268 -1 369 829 12 713 612 -1 42 88 641 825 244 608 992 206 436 863 830 435 907 725 988 510 902 121 13 -1 433 40 -1 622 499 -1 160 513 974 152 108 86 832 463 991 764 171 60 80 86 -1 533 488 -1 56 85 98 109 664 240 960 139 130 817 498 941 494 944 953 906 -1 574 507 520 647 652
728 663 355 -1 528 308 284 449 1 55 746 817 23 19 907 703 -1 411 414 418 605 13 451 685 -1 289 882 243 81 758 110 273 361 496 395 233 339 578 -1 954 761 559 844 135 825 619 -1 364 447 -1 42 21 750 533 926 860 320 840 113 889 231 766 84 654 193 -1 47 334 511 758 559 976 632 458 11 336 601 75 995 829 834 419 508 941 940 730 755 632 371 576 -1 -1 267 329 403 531 509 908 923 130 933 928 -1 306 557 261 335 226 739 464 320 302 646 190 391 495 573 590 631 344 809 901 219 565 304 397 403 751 276 -1 101 376 -1 292 922 214 497 372 324 770 28 513 -1 153 541 644 878 148 602 88
587 615 -1 102 72 444 -1 531 927 228 -1 932 192 12 52 867 752 812 151 200 710 457 831 876 280 -1 817 918 -1 125 977 401 782 799 801 805 755 416 212 73 636 63 349 396 -1 864 202 400 775 919 753 937 706 106 190 702 48 266 66 778 548 755 320 586 869 320 698 732 500 552 139 736 927 740 117 533 343 526 635 328 208 273 247 -1 122 185 -1 692 48 -1 3 238 228 487 549 376 303 187 -1 331 474 888 535 748 578 163 795 143 77 543 -1 617 -1 592 320 661 858 379 897 790 783 778 820 935 103 55 77 871 693 446 -1 534 871 -1 492 153 95 352 865 765 367 989 853 570 736 315 384 494 -1 419
218 590 620 740 749 783 501 36 222 -1 779 870 626 645 722 679 934 423 466 908 628 884 404 552 201 230 7 462 124 181 94 786 602 573 810 148 653 20 91 81 704 781 443 -1 -1 768 564 200 540 180 197 880 976 561 738 797 -1 395 101 136 434 297 25 479 528 88 25 -1 529 597 654 -1 308 950 719 425 914 316 358 828 112 294 53 272 972 583 185 -1 832 -1 -1 280 526 288 460 875 -1 869 -1 540 766 465 498 854 -1 546 422 186 168 371 6 975 559 91 38 517 691 354 117 128 328 925 79 251 -1 341 -1 151 39 116 79 909 769 448 327 35 157 510 -1 733 305 311 735 -1 574 935 169 882 888 620
757 682 -1 528 28 -1 467 638 93 964 538 986 -1 165 164 357 448 255 599 143 174 103 443 453 753 -1 247 737 -1 443 -1 744 929 515 114 316 429 138 800 264 300 157 982 -1 461 249 620 849 358 571 685 374 597 201 329 281 95 794 -1 844 186 382 -1 523 317 259 600 950 353 525 432 727 415 377 104 233 409 569 560 708 847 369 291 808 733 616 149 551 208 892 668 219 748 134 363 795 653 702 863 -1 440 610 -1 734 431 548 909 210 710 -1 71 274 660 545 587 61 280 225 83 609 668 96 209 652 893 442 555 225 199 826 654 635 168 21 560 357 399 997 20 231 254 -1 18 194 755 119 578 754 951 772
626 426 190 536 383 545 958 505 513 130 -1 103 283 978 177 786 700 731 850 547 711 213 -1 322 108 961 808 353 672 965 972 171 419 323 538 -1 402 734 67 849 596 607 -1 365 535 870 915 -1 543 744 725 771 750 237 129 112 681 854 472 401 628 578 -1 722 180 -1 611 932 840 702 726 344 512 596 659 300 393 75 742 476 650 965 125 933 900 175 810 546 48 894 940 947 148 149 505 520 879 712 -1 399 730 810 -1 151 853 373 593 928 73 357 296 226 77 259 785 435 623 905 710 127 444 110 4 959 553 202 633 850 109 270 755 483 136 49 964 210 500 644 204 257 312 872 310 229 -1 712 560 157 996 4
571 609 12 644 829 -1 664 -1 232 191 910 322 678 858 928 187 585 768 565 637 602 624 262 397 286 369 553 821 739 75 137 502 479 363 985 232 638 386 399 680 720 570 224 117 663 350 85 645 -1 545 196 915 770 304 181 694 749 -1 669 274 880 331 -1 452 873 847 50 382 324 703 68 627 613 -1 576 717 -1 175 732 973 737 627 74 -1 988 543 555 322 141 946 39 965 269 945 125 756 63 618 327 390 777 31 132 392 404 680 939 753 883 657 858 263 170 568 179 609 88 530 653 872 509 699 637 935 293 383 78 398 -1 371 57 135 550 794 -1 873 278 487 908 473 270 288 -1 689 547 106 276 764 928 369
786 761 606 203 -1 446 350 99 -1 351 105 978 526 549 719 872 817 149 904 58 909 536 131 432 383 54 -1 155 -1 278 282 270 763 205 283 872 511 41 538 44 -1 516 876 273 -1 332 322 317 45 880 915 14 999 79 720 558 316 569 431 768 875 140 841 39 373 10 289 916 79 307 322 -1 517 2 41 441 270 276 469 179 434 886 58 422 703 600 912 -1 -1 192 537 -1 396 604 606 472 652 563 996 78 135 56 -1 591 232 208 548 555 322 66 215 472 713 945 79 166 887 829 539 341 917 492 2 408 982 -1 857 -1 655 431 789 193 649 93 939 -1 571 486 155 66 132 235 652 232 145 529 385 10 98 470
-1 -1 377 926 -1 226 -1 348 227 6 10 718 102 272 342 611 244 285 -1 -1 89 244 514 310 539 879 361 857 346 11 -1 868 696 689 -1 620 103 404 252 844 134 807 691 243 669 932 951 646 152 -1 914 614 164 148 422 658 867 691 258 -1 274 271 170 -1 252 141 515 106 607 -1 195 -1 578 331 48 590 936 -1 949 390 748 276 745 291 673 738 404 690 513 84 9 885 947 330 229 807 153 511 810 623 621 774 151 136 370 730 855 959 787 365 -1 504 272 967 -1 664 910 203 536 561 323 777 501 312 301 255 241 192 17 157 441 810 271 -1 586 363 924 778 638 978 777 810 615 799 161 879 37 -1 -1 -1
662 -1 631 671 432 -1 755 18 -1 337 840 383 33 187 533 230 232 121 671 490 -1 943 763 125 671 200 283 528 358 -1 942 644 973 754 732 155 742 747 50 890 354 160 395 780 766 615 629 -1 64 598 58 272 451 753 472 -1 193 199 301 345 665 879 -1 669 891 791 500 845 441 460 739 816 84 512 531 697 937 427 954 98 -1 825 180 246 884 103 372 381 512 840 493 717 104 129 853 156 428 693 -1 339 969 673 573 820 368 39 531 645 437 496 203 252 490 522 468 543 271 433 735 911 725 713 -1 154 402 260 749 976 396 -1 520 897 103 816 168 397 382 857 942 -1 667 616 761 145 628 196 322 698 842 -1
903 674 994 771 365 13 519 329 -1 475 -1 67 130 594 807 837 -1 668 196 403 -1 705 585 -1 838 650 -1 174 134 825 696 102 390 936 295 590 776 859 291 452 486 305 780 765 433 873 489 950 925 794 276 -1 810 588 -1 -1 847 454 708 -1 42 424 -1 809 -1 973 398 652 836 254 845 51 493 924 48 267 576 323 99 885 519 319 170 231 451 764 441 442 -1 141 687 144 346 149 274 627 433 829 267 614 723 382 661 214 744 382 954 492 480 -1 307 756 55 157 113 698 753 481 144 -1 366 304 951 125 298 92 330 127 256 -1 445 23 48 18 853 -1 -1 880 288 -1 36 594 41 410 544 160 517 210 918 876
70 431 338 455 882 262 499 432 437 229 537 26 788 14 216 877 426 396 716 80 847 586 437 816 119 247 561 76 95 356 297 750 950 378 382 768 19 823 371 358 197 130 749 149 870 837 452 775 950 813 -1 655 525 113 200 724 835 895 592 870 299 154 821 305 631 807 990 886 41 599 731 165 958 827 696 277 753 220 911 48 802 591 -1 306 995 163 23 781 875 240 83 221 183 288 127 879 400 291 90 614 -1 90 610 895 -1 144 770 624 535 784 605 554 443 -1 506 562 334 903 994 446 113 769 293 614 150 947 766 966 64 820 888 659 388 979 133 666 468 505 298 167 24 395 543 706 742 558 572 290 95 535
240 784 805 630 527 847 813 106 -1 94 149 270 371 656 932 702 -1 462 699 620 378 418 104 957 -1 320 514 394 381 -1 360 244 48 1 278 487 223 184 318 173 378 523 44 572 479 58 665 -1 2 923 425 -1 326 13 724 78 -1 279 244 -1 282 640 963 707 775 235 412 -1 77 268 368 480 -1 -1 456 -1 641 723 274 783 61 -1 971 816 727 914 652 945 346 539 163 437 65 371 506 820 494 47 100 963 199 694 209 492 67 -1 985 88 765 928 352 386 999 449 719 143 840 438 143 993 371 910 823 417 260 503 358 414 -1 525 615 -1 -1 -1 276 305 946 485 746 976 935 810 725 824 742 91 -1 562 306 1000
349 895 703 609 113 294 466 825 873 709 397 65 20 732 601 552 68 -1 784 9 96 2 -1 259 645 388 988 527 5 948 698 987 151 472 821 149 934 389 375 918 625 934 271 720 262 704 475 56 285 347 825 915 159 792 354 411 166 -1 507 907 644 54 911 476 305 36 150 463 589 217 280 158 137 164 338 468 991 657 293 971 -1 138 699 15 536 774 -1 -1 293 -1 257 215 706 878 -1 45 642 253 902 968 -1 585 38 -1 -1 -1 -1 937 462 285 192 906 321 844 68 179 890 705 892 28 145 248 981 191 328 568 493 84 722 240 764 698 374 654 272 14 -1 -1 988 781 468 -1 398 905 -1 781 -1 385 446 475
557 346 322 772 -1 671 54 479 907 491 -1 855 323 737 571 610 764 614 730 286 588 562 498 48 -1 227 275 634 572 386 986 -1 83 916 663 965 631 500 314 -1 81 768 851 307 560 -1 477 59 884 970 36 873 734 26 38 135 356 335 972 111 85 -1 863 22 869 764 -1 578 305 130 318 150 523 821 59 963 904 246 726 -1 456 818 800 439 352 949 -1 962 656 365 770 361 171 929 125 360 84 889 527 465 211 957 -1 436 -1 555 523 939 392 981 993 260 537 62 548 638 505 885 603 271 211 350 637 554 173 559 338 769 926 56 181 214 61 -1 520 454 653 698 81 845 886 618 840 121 766 679 701 55 716 699
-1 -1 900 897 259 793 873 -1 723 627 408 337 566 624 334 652 842 203 732 204 540 872 418 443 -1 -1 132 54 310 552 675 286 891 612 407 690 249 408 453 577 502 106 68 604 -1 601 703 -1 206 443 365 942 936 850 24 761 30 -1 825 519 148 -1 -1 111 889 868 928 604 338 650 913 999 961 193 899 593 354 565 10 720 101 305 924 -1 -1 326 460 -1 100 113 587 875 84 696 703 254 630 331 22 854 238 298 211 701 193 192 426 435 558 995 934 358 -1 904 390 105 568 41 699 790 471 466 751 706 81 831 702 366 578 27 176 416 556 868 733 589 458 925 141 343 356 670 -1 900 310 95 497 797 460 483
998 649 652 901 879 523 676 -1 403 52 640 473 74 861 408 538 965 58 991 84 -1 246 825 895 311 234 884 294 179 59 734 12 668 856 835 343 622 246 559 979 700 869 948 -1 141 963 439 -1 100 -1 11 414 160 838 400 158 588 806 102 105 769 122 477 168 648 779 -1 859 -1 833 455 71 187 456 410 264 351 202 837 328 852 540 359 709 864 3 152 947 3 916 563 611 34 411 331 107 731 973 946 -1 273 572 -1 419 409 793 749 639 -1 670 179 246 932 334 777 717 -1 243 65 853 -1 2 461 774 16 653 825 715 662 979 713 141 705 146 66 210 545 345 -1 696 960 11 410 579 378 978 420 432 825 317
54 241 537 999 533 693 854 102 60 901 717 796 417 769 27 -1 824 694 598 566 11 747 -1 760 -1 53 271 165 513 505 637 526 109 45 702 811 92 -1 75 228 675 351 263 -1 61 766 717 791 -1 537 56 -1 808 961 374 339 8 -1 85 693 152 633 705 460 650 442 810 793 888 268 129 -1 771 302 897 743 516 479 245 6 19 596 354 39 272 344 606 350 960 655 989 926 942 550 440 112 781 397 437 19 148 259 650 850 791 763 178 317 955 -1 -1 304 657 941 483 162 808 479 420 858 609 214 462 -1 727 385 880 503 689 -1 163 552 911 -1 451 920 921 422 382 851 970 330 610 266 161 31 183 367 618 -1
416 303 -1 92 335 385 71 68 794 150 174 949 206 122 637 -1 683 340 420 17 443 660 142 573 623 179 183 152 -1 195 720 871 628 279 906 -1 289 191 3 916 251 794 184 44 815 792 -1 622 544 59 54 369 -1 118 64 915 129 544 563 654 628 372 199 561 186 178 -1 707 893 489 775 513 750 317 585 290 427 942 821 -1 308 925 265 43 339 432 897 471 986 483 655 985 881 443 689 -1 995 819 732 597 804 980 341 146 335 730 -1 378 973 817 662 468 500 697 351 989 682 869 289 193 437 644 429 794 951 840 -1 881 96 139 133 364 50 -1 403 172 329 425 630 236 406 608 585 -1 957 972 591 805 87 460
-1 76 863 348 900 655 812 774 591 134 381 758 19 706 676 719 83 876 152 756 296 448 -1 -1 150 821 472 -1 131 302 714 -1 556 692 649 808 472 775 345 841 363 128 156 345 434 284 563 849 955 -1 473 604 967 817 295 595 301 661 455 978 585 345 296 -1 182 -1 977 -1 558 709 170 334 160 431 219 320 967 293 468 821 715 767 576 977 476 835 738 148 177 413 590 731 876 476 402 217 848 680 -1 244 264 468 585 203 932 434 826 527 403 501 768 545 592 -1 141 322 883 837 650 204 78 578 957 957 -1 142 328 379 413 259 47 398 37 299 947 36 322 887 682 228 22 91 143 398 254 520 664 909 947 744
257 898 -1 492 226 923 949 506 361 460 725 -1 595 757 851 -1 421 801 559 849 299 178 377 652 998 972 290 613 644 530 631 391 990 117 716 61 909 376 797 425 597 448 -1 869 703 929 413 645 334 122 789 -1 512 599 807 944 459 712 520 316 829 376 282 716 498 284 924 864 -1 375 -1 -1 -1 306 413 442 366 660 694 88 833 764 780 392 564 950 785 378 518 445 968 146 386 652 294 484 -1 843 230 869 205 276 379 52 663 79 149 -1 -1 22 285 903 112 419 379 974 831 531 171 426 358 -1 924 602 858 307 48 674 696 276 235 554 280 -1 790 707 579 720 512 -1 95 269 692 253 259 640 -1 -1 576 369
399 215 771 808 411 629 -1 522 515 763 664 583 976 -1 936 -1 955 483 311 -1 310 611 655 898 659 490 307 514 245 128 92 907 500 -1 2 -1 712 192 103 433 354 992 -1 446 878 305 948 364 679 350 483 220 865 661 858 19 814 282 182 746 95 784 195 546 464 248 736 960 390 606 370 848 541 -1 279 572 153 -1 730 350 67 1000 78 734 536 182 877 997 729 -1 920 440 12 702 253 245 951 891 881 76 -1 -1 846 245 649 316 557 -1 83 534 21 561 -1 856 340 67 -1 335 39 336 162 763 75 61 746 105 124 446 282 -1 971 326 823 836 709 569 751 805 2 -1 -1 41 14 440 623 243 574 648 296 60
140 432 248 614 791 970 -1 587 537 184 -1 391 419 971 340 309 231 -1 -1 868 646 373 413 243 218 591 -1 229 333 489 523 833 208 737 940 130 687 18 525 527 109 946 -1 336 311 305 351 291 422 28 15 799 344 930 581 289 956 349 47 334 685 47 808 829 987 665 -1 -1 -1 990 803 1 475 442 -1 477 508 530 153 909 139 848 88 289 548 404 596 11 732 855 -1 35 74 201 628 -1 525 260 61 612 708 -1 301 -1 735 763 441 814 416 -1 583 -1 373 321 943 41 87 559 171 395 79 828 904 577 -1 603 887 885 93 153 898 584 149 292 718 634 563 181 184 2 505 144 -1 919 160 805 564 67 532 409
572 932 121 62 53 647 844 477 908 486 437 960 -1 673 171 -1 -1 653 583 258 394 329 665 981 556 20 237 270 152 160 116 872 523 -1 539 293 896 -1 671 795 31 538 -1 553 322 702 441 155 895 779 625 863 48 187 606 639 935 502 156 583 269 296 787 68 -1 785 396 574 -1 544 511 221 206 201 36 106 903 286 770 96 641 698 401 209 78 372 831 529 888 112 804 25 997 518 25 439 364 738 460 822 883 450 35 902 840 182 889 679 453 42 349 879 222 213 773 734 -1 399 -1 570 921 955 319 772 608 111 551 126 987 25 883 597 973 -1 756 577 246 174 965 963 446 284 978 -1 920 307 260 453 785 948
633 750 723 -1 775 985 421 517 251 203 901 721 434 -1 22 280 422 100 562 -1 298 317 71 -1 28 850 825 694 441 489 248 276 699 286 991 550 853 133 692 660 515 87 571 421 679 -1 201 -1 -1 745 -1 310 719 965 -1 998 804 156 478 651 340 536 135 79 174 749 169 -1 -1 18 64 590 274 707 73 97 701 473 359 245 653 291 822 454 202 898 283 553 -1 -1 757 622 643 244 816 53 353 991 125 -1 445 279 374 577 614 479 571 44 780 63 50 511 31 433 228 951 851 339 217 622 951 400 902 162 699 866 377 268 634 809 -1 141 299 780 498 45 -1 624 446 898 366 283 446 892 387 191 816 348 392 843
290 204 287 291 150 120 923 206 809 418 750 983 390 540 918 -1 402 -1 677 761 -1 398 329 945 704 147 818 422 -1 -1 579 -1 493 277 615 -1 800 326 -1 272 523 874 806 635 331 538 167 415 18 50 155 372 -1 358 394 707 575 881 -1 838 136 621 65 904 -1 78 741 398 280 309 732 963 124 169 -1 498 219 -1 548 875 541 -1 244 179 966 129 -1 748 644 641 878 693 -1 -1 957 57 922 314 909 52 920 452 88 -1 411 561 413 505 842 256 909 168 -1 487 -1 310 815 261 272 711 557 522 57 460 618 149 143 251 984 -1 939 962 783 975 -1 196 751 122 140 967 370 677 537 656 369 692 24 932 242 274
515 908 430 338 85 835 789 411 188 28 660 762 -1 823 180 -1 -1 1000 505 562 797 262 126 701 713 -1 594 441 333 52 62 777 165 396 504 882 310 645 925 894 775 -1 975 676 -1 972 392 968 711 376 745 878 389 -1 199 -1 928 469 371 831 872 426 453 -1 977 860 228 66 -1 428 398 431 -1 762 -1 532 736 105 202 -1 215 715 473 422 640 920 143 524 471 994 252 530 -1 700 527 6 170 618 233 482 957 362 107 288 244 693 955 369 950 339 959 794 494 592 464 -1 132 453 218 974 204 158 136 997 141 427 592 528 566 573 373 157 296 662 146 24 52 -1 971 69 103 628 677 565 471 348 62 876 193 817
708 -1 270 923 691 -1 -1 398 -1 903 86 -1 819 -1 331 185 527 400 96 232 777 761 150 726 226 -1 12 498 422 706 -1 923 341 972 544 47 697 614 511 -1 703 834 237 354 314 -1 817 975 668 646 618 729 200 570 461 399 387 312 84 -1 495 -1 692 871 150 333 841 207 210 352 897 331 447 -1 369 330 818 394 926 137 62 701 779 433 480 227 880 740 659 668 254 -1 677 915 51 462 672 437 53 390 976 521 29 282 658 95 63 937 129 950 863 979 335 929 -1 854 646 1 458 707 379 272 810 423 709 337 462 859 463 791 186 15 496 531 661 56 607 909 443 544 208 808 75 601 919 514 254 252 533 558
809 856 716 604 625 660 -1 -1 356 555 344 900 869 -1 901 373 838 669 895 570 904 95 5 22 727 704 985 525 581 928 -1 9 464 145 601 212 466 332 642 498 -1 836 894 875 344 302 804 873 528 964 660 91 586 992 -1 467 187 978 823 93 546 807 478 490 855 546 196 736 986 929 399 659 322 969 866 367 726 87 599 836 604 872 419 724 599 899 494 532 581 667 -1 401 593 707 320 137 -1 318 329 -1 367 182 452 -1 991 153 132 884 23 342 764 -1 -1 625 -1 -1 938 638 166 766 -1 172 562 524 186 920 382 281 -1 876 766 462 101 853 104 620 671 -1 -1 443 729 585 753 740 803 191 238 190 186 -1
588 525 146 946 774 345 934 796 -1 862 561 600 439 -1 84 -1 608 182 -1 -1 519 895 199 13 816 -1 95 845 673 828 633 232 887 956 827 878 111 192 514 605 490 695 736 499 854 268 818 -1 -1 383 736 407 217 612 890 800 235 -1 403 926 654 359 529 540 936 324 296 47 199 224 152 648 -1 133 937 509 489 258 668 847 271 867 -1 479 849 987 95 751 650 268 995 481 951 1000 167 445 583 459 380 925 950 883 410 278 -1 121 651 544 -1 496 455 9 373 -1 -1 4 791 479 292 320 627 463 280 650 472 870 796 802 15 33 96 483 88 216 22 486 -1 -1 891 450 200 253 290 579 813 28 511 507 -1 423
440 130 542 346 961 835 235 254 100 511 328 152 908 911 576 221 474 123 64 593 188 476 602 757 151 9 859 864 912 201 634 338 481 433 939 -1 344 708 937 901 425 767 695 622 480 -1 -1 -1 733 724 217 381 64 945 528 14 -1 586 257 1000 253 848 474 74 975 636 660 767 -1 431 -1 681 955 249 659 53 779 583 703 631 -1 746 289 42 286 704 848 61 285 945 120 495 508 947 810 478 946 334 663 207 821 336 525 91 338 737 -1 497 455 -1 802 334 197 275 264 411 831 701 -1 975 679 714 177 798 440 993 462 475 480 128 83 772 397 -1 -1 617 220 764 786 198 247 602 -1 791 173 496 38 420 330 561
48 -1 98 444 168 280 198 351 179 788 838 349 -1 757 24 59 705 664 197 420 317 789 268 -1 856 346 699 994 376 848 143 559 490 980 32 729 139 735 232 816 530 37 26 673 557 347 814 377 39 114 53 -1 968 -1 553 502 77 577 -1 236 994 822 -1 933 814 971 481 872 201 574 951 274 925 965 732 929 -1 242 296 475 791 248 3 71 181 657 815 418 48 -1 98 752 498 770 99 668 713 954 528 411 546 439 742 861 968 708 505 125 467 523 256 217 141 -1 470 750 68 -1 900 107 944 305 857 520 673 563 401 770 101 231 384 470 695 840 527 762 340 -1 23 167 568 694 399 416 788 307 822 986 514 726
381 603 471 302 686 772 224 551 629 510 799 597 15 47 782 616 821 999 155 709 871 552 624 794 660 611 -1 981 100 113 376 629 318 416 753 -1 848 -1 67 800 42 473 103 -1 414 636 411 -1 920 26 402 -1 259 857 532 857 355 506 188 100 723 -1 137 177 938 900 700 -1 451 283 892 12 134 319 690 -1 -1 294 654 691 -1 665 328 541 285 999 126 821 -1 983 -1 16 -1 42 239 633 737 995 209 267 112 234 823 73 167 416 955 735 663 45 927 399 761 797 460 483 713 382 31 409 826 588 235 306 913 647 472 29 472 675 506 575 225 687 211 972 572 563 306 461 576 214 840 871 148 839 318 807 679 625
290 353 141 258 798 -1 682 365 792 357 211 819 511 102 234 791 395 974 420 526 133 391 987 -1 50 323 438 304 878 770 489 -1 729 621 496 525 617 -1 280 381 425 571 638 958 887 50 831 599 608 648 307 886 645 102 504 154 779 355 832 235 970 992 364 717 566 548 708 621 197 651 839 366 253 516 767 131 700 176 347 51 814 106 996 -1 869 804 536 289 -1 371 -1 872 119 623 195 925 -1 620 155 862 92 674 83 53 566 555 828 949 573 740 675 616 833 -1 -1 952 -1 553 932 472 464 328 554 365 467 61 279 700 -1 423 904 329 172 -1 140 673 477 309 794 524 884 633 292 -1 938 322 -1 743 612 665
197 43 -1 502 222 534 112 356 366 638 651 604 151 572 672 739 690 836 751 324 936 113 183 823 692 337 157 241 681 652 957 340 23 234 764 931 469 203 16 761 517 549 522 504 631 -1 100 -1 586 337 705 344 954 506 545 -1 -1 688 870 247 310 263 760 10 665 151 240 903 593 639 408 815 245 975 599 766 610 427 977 182 960 547 348 991 -1 789 824 46 606 576 419 182 79 -1 870 582 98 61 769 832 81 408 886 856 75 43 553 -1 296 834 800 816 473 -1 207 182 720 -1 262 343 975 424 784 908 254 954 313 812 114 502 858 305 776 567 392 578 412 370 608 154 361 716 114 534 81 412 -1 -1 299 547
219 836 632 766 768 402 453 804 780 177 451 101 814 561 245 153 -1 440 184 98 858 481 828 51 291 129 551 854 -1 822 996 326 48 243 402 120 661 961 943 39 131 745 675 856 146 544 661 999 381 437 743 474 539 958 84 137 337 984 14 735 -1 749 485 325 538 421 886 684 281 847 304 328 357 270 256 605 408 47 56 621 428 744 627 729 230 334 445 158 777 688 646 825 970 819 861 293 732 549 835 -1 575 7 -1 13 852 574 428 -1 71 455 898 941 -1 6 39 440 185 847 979 381 -1 648 -1 815 535 -1 654 501 750 549 788 790 512 83 99 -1 -1 689 986 -1 16 774 471 509 913 397 632 825 -1 413
-1 700 580 107 290 888 -1 588 361 761 510 904 942 116 4 445 509 189 317 289 -1 306 956 158 417 261 -1 885 -1 193 802 583 63 293 424 462 229 628 701 426 662 661 409 464 -1 451 721 361 986 464 239 86 303 395 79 346 292 59 -1 -1 250 168 858 784 860 -1 720 444 419 3 968 956 307 149 706 47 -1 -1 -1 516 977 499 50 424 492 616 174 305 610 931 463 59 644 -1 161 699 997 318 58 944 17 884 992 926 -1 110 975 248 72 31 19 319 106 825 512 929 585 555 653 912 97 -1 436 965 229 909 726 835 924 393 346 672 634 777 -1 430 597 357 729 580 439 507 843 253 755 578 65 875 6 195
39 105 947 12 181 -1 939 690 -1 821 627 869 962 612 489 174 658 649 -1 118 732 823 -1 -1 603 -1 249 165 574 232 486 135 777 409 790 814 812 824 501 593 643 878 652 729 849 152 162 113 817 836 90 116 507 733 610 83 133 392 530 675 659 -1 948 786 813 -1 18 602 728 239 657 229 278 -1 900 926 -1 354 650 511 343 783 5 83 369 631 534 487 555 35 329 817 900 205 620 535 -1 307 475 807 532 412 456 205 531 331 833 444 799 489 901 -1 545 574 540 509 341 781 341 802 356 341 20 -1 664 625 644 896 310 942 -1 432 283 881 -1 754 235 294 913 26 417 665 -1 -1 580 550 839 -1 754 852
815 959 -1 -1 481 41 110 789 163 841 395 -1 -1 318 424 45 204 932 -1 96 749 980 -1 389 223 309 792 882 928 162 92 456 68 143 459 240 850 524 833 547 471 29 89 38 556 640 458 69 -1 569 -1 815 762 -1 -1 532 346 274 890 423 817 981 -1 -1 954 628 890 -1 524 987 983 31 173 774 103 824 -1 740 548 527 -1 641 350 97 362 712 128 331 136 106 -1 36 725 106 257 554 242 133 339 920 968 664 73 203 -1 743 901 260 900 860 615 624 717 -1 681 245 323 787 209 93 -1 101 30 191 645 807 621 41 855 677 477 779 722 626 219 910 426 4 -1 150 486 255 -1 173 23 288 661 239 216 -1
-1 78 -1 670 422 443 113 764 436 549 287 575 399 584 328 608 263 666 296 633 209 640 -1 -1 828 91 862 929 79 773 620 68 594 378 -1 922 646 94 10 -1 996 866 675 772 794 702 -1 674 80 -1 124 212 -1 580 780 280 128 497 835 699 888 384 478 700 -1 901 924 785 185 471 659 449 645 427 448 463 258 -1 101 350 -1 926 806 979 176 17 421 12 951 476 -1 684 -1 310 537 949 272 428 293 555 465 640 943 498 -1 156 558 986 614 267 25 -1 1000 -1 350 -1 74 47 561 667 791 229 -1 611 116 522 287 74 349 402 409 889 860 960 -1 160 931 205 844 405 -1 137 698 808 -1 279 979 971 395 927
426 926 311 254 403 727 565 559 -1 348 314 698 533 639 298 153 242 628 901 216 302 59 298 245 747 -1 89 757 610 138 827 -1 291 663 921 703 539 524 514 802 857 643 616 61 673 286 988 675 390 233 302 138 624 792 334 110 374 -1 571 156 653 937 694 -1 190 730 512 350 330 446 262 356 680 399 845 386 -1 677 264 496 288 851 281 144 401 493 551 800 187 916 -1 -1 551 134 558 -1 390 276 987 331 608 402 673 890 776 620 -1 350 775 643 -1 979 321 540 873 825 255 398 7 698 -1 404 241 548 652 599 595 126 794 -1 370 842 935 183 835 163 144 674 -1 595 -1 772 943 854 400 977 214 994 686 237
433 429 680 -1 660 445 137 722 28 -1 365 370 511 925 783 414 13 -1 229 -1 694 745 988 598 26 -1 985 -1 72 13 20 198 544 904 978 2 25 221 583 929 218 206 884 385 483 646 149 254 -1 974 72 949 538 -1 583 947 66 193 736 199 -1 622 735 962 419 713 76 126 951 -1 468 766 -1 145 997 285 -1 27 640 981 -1 534 885 821 734 48 864 338 22 680 470 -1 773 531 519 -1 37 274 833 676 166 646 927 986 659 933 995 101 441 432 93 471 780 886 535 613 661 59 895 174 924 887 285 623 45 603 -1 598 262 589 264 52 72 577 282 -1 -1 432 626 861 428 786 562 876 472 609 921 529 796 476
406 -1 -1 -1 831 515 524 288 229 122 820 -1 338 84 951 57 494 17 692 662 845 685 654 829 864 543 564 831 409 -1 183 458 269 343 741 973 240 151 511 803 535 67 271 381 691 -1 585 394 494 213 152 -1 141 892 -1 55 196 917 715 989 325 201 -1 656 -1 245 6 826 759 122 234 226 228 304 376 651 141 866 236 -1 639 -1 834 27 934 301 895 598 466 608 880 1 363 543 545 992 238 -1 114 351 346 707 59 901 638 -1 447 334 328 -1 90 871 65 187 427 263 220 682 430 499 808 639 138 -1 373 -1 417 400 661 608 74 125 90 -1 848 907 835 226 99 710 590 513 24 818 732 802 485 921 205 305
-1 444 943 609 167 310 -1 358 848 848 50 180 -1 504 146 338 956 98 262 246 683 497 433 556 423 680 663 762 302 669 713 37 697 353 255 833 478 816 912 121 155 473 416 414 471 760 342 -1 376 402 266 159 287 411 928 3 576 176 688 476 934 985 418 185 757 417 927 45 577 65 707 830 224 668 865 996 361 964 401 970 615 608 966 400 908 -1 433 25 507 258 820 816 846 333 11 511 938 149 341 427 841 761 958 234 85 332 401 461 887 293 833 398 10 456 522 -1 637 841 867 767 26 402 982 823 283 42 92 297 213 291 626 336 -1 403 509 359 84 217 -1 129 41 464 198 15 883 976 282 628 390 -1
369 640 702 -1 452 328 506 752 -1 147 288 645 720 689 450 765 660 292 514 862 453 295 146 249 912 472 715 887 -1 949 549 840 581 765 -1 698 328 818 868 583 538 693 133 934 516 224 379 18 791 -1 785 886 -1 504 988 964 386 262 241 404 880 869 825 118 444 -1 364 223 171 927 421 759 37 -1 -1 465 548 471 979 806 399 232 823 138 -1 894 517 138 699 320 -1 561 568 22 444 805 477 454 587 416 565 333 111 178 733 807 517 653 45 233 315 52 360 901 642 303 -1 756 891 100 407 723 274 651 482 678 306 -1 450 437 590 28 406 621 852 329 146 51 76 137 614 414 771 653 150 635 578 -1 854 -1
899 342 643 714 460 920 151 947 755 859 620 665 173 596 779 210 600 873 958 233 127 529 87 801 260 515 582 680 261 17 267 712 704 957 697 355 877 840 786 781 445 578 285 705 673 692 428 591 910 855 659 96 457 28 387 670 650 542 -1 454 -1 442 276 514 -1 180 128 759 -1 596 880 368 108 566 62 865 -1 26 722 745 38 307 36 319 381 789 220 204 301 855 319 891 870 594 322 553 636 745 946 508 683 136 919 421 557 482 8 307 612 735 322 193 505 167 388 410 -1 156 398 178 388 541 963 313 -1 687 538 207 522 579 568 986 -1 357 940 602 571 53 383 175 174 461 105 285 36 183 162 915 374 -1
329 447 938 795 27 437 -1 952 45 769 -1 87 547 502 922 722 597 771 351 499 874 970 911 56 349 844 874 -1 535 347 554 527 192 186 692 562 935 750 338 945 272 149 362 499 694 42 646 518 261 95 736 742 941 87 547 665 222 764 12 551 295 865 539 145 -1 471 941 634 371 721 -1 114 -1 9 -1 654 619 -1 951 185 874 89 384 425 26 543 976 175 802 311 224 348 462 212 342 898 244 665 972 745 499 986 425 750 865 754 952 695 363 437 335 387 540 -1 -1 293 312 40 722 615 965 458 559 450 282 846 403 306 104 631 179 241 163 456 866 35 -1 894 -1 160 438 775 490 74 5 352 652 225 408 975
597 -1 883 741 -1 910 834 857 816 593 457 765 -1 800 118 17 766 357 909 711 -1 25 125 -1 700 -1 965 924 -1 270 103 114 51 952 394 842 11 842 736 406 145 532 -1 434 933 986 780 922 -1 113 150 90 292 430 148 563 694 936 986 -1 720 629 381 601 354 195 701 -1 227 80 891 -1 936 964 830 988 814 457 5 483 773 453 363 348 756 721 636 714 469 504 47 731 183 862 624 768 998 807 84 519 468 422 480 983 869 753 -1 333 310 419 962 151 26 163 158 249 468 -1 468 768 655 138 17 882 -1 409 731 120 -1 787 83 -1 922 878 961 433 471 151 404 886 739 177 119 345 -1 768 352 936 474 928
517 604 271 440 346 78 520 383 373 -1 535 31 497 321 389 953 597 135 880 510 157 -1 179 -1 -1 745 940 640 505 307 458 333 27 67 -1 691 -1 746 349 65 449 636 148 470 -1 739 -1 598 166 333 616 806 451 759 265 877 42 207 764 896 700 398 588 162 6 722 992 572 303 195 22 291 439 850 730 233 761 635 777 -1 159 236 714 844 -1 940 191 112 -1 595 813 341 -1 425 867 -1 -1 812 407 260 328 589 172 906 668 976 576 329 969 276 692 714 212 234 853 296 637 247 110 105 292 671 228 968 -1 392 370 555 653 108 518 493 570 345 116 600 305 658 828 361 825 676 585 774 152 9 867 917 184 647
329 749 -1 97 149 719 450 273 691 124 590 778 446 218 435 167 475 450 -1 3 -1 -1 943 470 374 424 773 6 486 775 624 244 -1 308 622 936 792 478 502 754 944 88 325 244 916 520 846 618 363 641 147 82 473 404 724 738 162 332 431 845 -1 -1 579 328 -1 790 789 12 135 -1 532 -1 688 401 892 869 126 696 549 706 -1 455 817 675 -1 516 317 -1 -1 636 174 -1 941 446 842 -1 511 537 708 -1 421 423 424 988 -1 85 812 902 756 558 345 -1 62 833 541 62 -1 -1 322 680 446 474 846 972 723 -1 871 464 520 797 365 838 958 321 693 187 444 -1 917 332 758 566 598 37 402 836 494 -1 880 156
85 324 745 746 781 313 137 443 467 424 702 226 455 -1 639 405 509 590 616 236 211 164 300 169 865 308 990 137 217 684 890 6 436 661 360 -1 524 -1 466 791 988 628 16 775 407 248 436 761 671 72 719 -1 859 537 267 540 680 889 357 789 403 11 8 832 907 252 959 539 974 158 849 854 57 270 845 488 46 485 714 893 970 573 884 156 593 331 129 122 -1 621 159 94 603 974 333 216 -1 -1 168 127 980 993 104 459 309 808 692 147 -1 57 -1 825 -1 877 861 417 38 857 585 372 302 382 672 901 763 111 791 589 370 846 720 316 658 482 857 -1 970 -1 578 256 564 414 668 824 957 242 559 434 245 945
-1 963 619 956 751 107 745 580 708 108 735 709 161 853 404 396 811 895 438 544 -1 -1 487 815 226 456 6 -1 540 653 275 430 508 940 220 950 411 -1 4 806 938 74 137 64 -1 -1 11 385 -1 257 204 349 760 771 831 86 777 367 596 390 905 492 760 278 504 983 130 551 304 529 167 633 727 922 578 472 170 -1 871 793 992 72 470 -1 723 593 877 108 420 -1 -1 5 -1 567 346 726 -1 65 522 920 911 133 568 289 517 175 234 778 212 226 152 883 331 387 11 545 710 247 751 118 453 532 192 -1 618 105 73 374 621 439 725 722 866 606 -1 158 445 703 210 560 1 211 554 237 581 335 266 221 997 877
921 348 211 921 135 53 449 -1 153 867 760 -1 328 13 797 6 437 27 -1 240 947 603 607 139 731 851 687 -1 29 45 245 629 860 542 906 430 300 505 527 2 589 917 450 891 574 82 311 677 538 327 972 653 860 850 800 327 53 9 388 812 730 536 718 631 429 467 830 679 247 698 816 -1 854 -1 -1 363 815 101 220 444 136 -1 274 788 959 5 -1 237 608 618 810 117 913 159 187 897 918 307 888 92 832 340 172 -1 745 706 74 -1 297 75 425 754 107 679 841 847 196 -1 306 919 318 240 560 197 602 892 288 381 343 276 72 129 971 492 15 45 847 -1 -1 508 412 39 979 707 365 354 858 366 799 593
585 299 305 425 273 20 300 942 11 180 138 943 282 349 886 -1 -1 405 -1 -1 302 -1 172 990 -1 -1 401 217 937 142 430 404 542 916 377 184 676 891 907 157 907 -1 608 342 826 151 394 233 805 318 403 872 116 381 816 308 689 739 123 831 342 565 873 895 7 4 82 609 728 167 598 467 817 -1 363 504 740 735 867 115 101 241 253 229 -1 861 49 847 586 295 390 287 183 514 -1 851 739 500 476 62 874 303 517 422 950 232 -1 196 331 51 442 63 -1 189 -1 676 606 943 549 912 495 550 487 37 465 188 -1 956 550 -1 547 353 874 743 581 513 200 782 814 139 594 77 958 532 -1 60 95 52 556 312
286 852 288 86 413 103 778 45 745 327 607 -1 -1 923 549 918 668 853 626 938 283 692 183 958 915 76 800 974 673 292 436 995 475 141 739 566 -1 737 516 859 749 893 272 -1 440 454 943 214 562 462 733 642 8 990 951 938 531 -1 542 618 116 -1 575 960 26 724 965 641 986 844 839 112 450 495 369 599 500 556 775 -1 647 -1 991 424 686 95 674 769 528 670 -1 784 616 -1 601 218 354 197 382 151 6 440 168 583 679 685 757 584 70 471 401 -1 363 360 338 751 374 -1 200 886 340 334 143 338 624 307 750 224 468 794 891 776 -1 283 871 -1 -1 243 25 430 823 -1 -1 803 602 324 321 170 141 219
346 601 721 358 666 924 846 -1 518 454 -1 408 999 885 737 38 -1 -1 964 114 921 649 887 250 680 -1 239 794 972 692 -1 769 -1 976 663 494 324 873 -1 717 268 29 313 230 628 -1 404 118 285 483 485 456 644 866 500 595 889 929 638 137 588 996 94 410 646 133 775 292 931 606 443 504 97 6 744 678 317 955 -1 981 12 553 667 -1 455 253 640 124 934 765 -1 664 584 524 -1 919 113 983 662 17 -1 886 789 -1 939 -1 932 506 658 451 13 -1 135 550 483 300 600 703 7 703 33 183 437 88 439 491 938 85 583 489 651 -1 39 639 947 626 624 915 238 -1 333 204 320 480 479 661 887 -1 -1 45
395 423 69 315 -1 957 540 -1 124 956 634 550 770 149 638 23 344 533 514 -1 976 776 276 -1 910 449 581 68 760 410 516 681 423 346 191 -1 653 163 366 575 698 735 127 -1 617 473 814 721 502 -1 697 162 945 294 760 533 405 525 878 368 -1 427 -1 980 33 779 156 -1 473 5 707 -1 145 145 880 269 471 704 -1 433 932 494 702 758 -1 285 636 289 930 176 685 968 208 471 821 357 671 -1 746 988 -1 -1 813 593 845 348 -1 551 837 908 576 191 888 515 848 -1 66 877 981 962 347 620 406 288 705 978 848 450 -1 606 240 352 294 786 385 188 -1 356 156 749 631 552 191 754 509 546 675 965 34 288
298 347 433 455 16 7 877 338 999 456 -1 650 862 446 162 -1 913 253 931 196 -1 399 79 531 861 949 197 -1 610 280 805 -1 360 -1 279 -1 943 990 860 400 369 26 793 573 918 470 230 -1 730 876 710 669 179 955 709 598 680 870 154 929 306 118 9 122 -1 963 577 903 866 267 936 33 485 -1 784 78 180 115 768 81 811 836 155 693 551 563 499 424 59 642 979 405 -1 277 623 462 690 628 194 776 198 806 805 672 -1 486 953 2 445 154 594 974 539 453 346 763 693 279 -1 293 90 576 411 30 -1 454 -1 356 794 999 -1 795 550 265 910 4 705 126 -1 369 154 352 43 341 899 834 721 633 236 -1
187 366 692 -1 479 600 236 -1 902 405 318 905 614 140 760 208 584 549 100 116 633 526 840 378 276 655 174 436 978 110 949 886 260 808 178 69 815 877 206 641 27 736 324 599 750 288 561 480 668 121 582 155 408 150 387 171 -1 421 354 166 624 434 -1 988 294 707 717 923 746 837 62 397 391 936 262 35 586 49 131 794 501 331 1 432 196 363 -1 611 985 202 696 647 143 329 -1 980 -1 695 738 3 194 296 -1 2 92 646 -1 418 960 386 -1 241 207 238 971 464 410 39 87 624 747 738 103 526 130 202 210 824 679 223 985 82 893 656 671 710 311 -1 313 35 449 413 816 707 -1 876 152 -1 813 -1
492 596 416 888 289 383 188 731 380 447 743 264 629 662 598 292 240 945 470 787 587 665 -1 783 789 874 772 494 405 153 427 174 637 -1 530 160 560 856 123 -1 134 589 44 348 316 -1 684 400 110 285 291 381 408 392 392 770 505 168 796 793 316 166 74 427 699 -1 88 592 746 933 24 116 955 816 479 929 874 223 107 492 60 109 762 422 620 236 563 -1 284 -1 657 701 882 -1 731 650 781 226 281 651 55 357 487 262 97 51 814 886 -1 833 88 837 509 779 430 878 -1 877 282 288 92 315 -1 223 712 4 3 50 570 377 350 254 740 959 281 281 745 251 920 470 342 865 -1 770 803 238 773 226 516 225
1000 338 476 918 67 832 414 135 426 572 196 300 619 255 762 168 -1 553 200 885 966 975 797 690 149 313 -1 70 986 988 626 341 407 776 428 957 225 103 197 845 397 228 257 594 338 703 144 15 176 365 111 260 935 604 548 464 530 294 715 648 799 730 584 178 -1 120 881 51 884 -1 380 381 215 775 627 439 370 755 123 678 111 17 154 188 905 990 976 12 117 121 54 240 363 871 660 667 179 849 200 56 935 -1 620 620 783 239 795 703 12 488 -1 596 -1 664 453 185 539 167 -1 932 835 536 86 888 507 872 579 5 311 855 444 28 902 753 788 430 138 223 681 228 437 313 208 951 683 195 68 950 148 -1
341 -1 612 725 127 223 866 367 649 720 708 670 983 -1 182 660 -1 762 823 704 535 117 286 243 184 700 656 392 41 -1 29 726 310 368 629 509 188 -1 400 894 604 484 632 -1 791 944 138 443 245 -1 648 582 246 651 9 451 623 854 850 678 580 119 121 489 484 305 76 487 -1 415 154 283 869 256 -1 585 -1 635 4 225 712 736 641 380 532 641 732 574 406 445 985 118 472 967 666 679 484 576 53 447 -1 6 12 189 -1 197 782 642 794 629 634 105 124 82 444 13 582 930 635 355 279 460 -1 514 813 -1 938 147 910 914 971 600 -1 604 368 749 750 789 840 25 -1 -1 535 767 69 617 705 742 315 161
246 413 809 481 -1 424 179 -1 2 581 424 849 794 834 464 555 682 740 394 924 242 568 582 184 174 222 -1 708 827 572 286 252 821 9 917 519 618 -1 340 644 705 661 43 257 287 351 331 420 -1 847 40 161 126 437 842 937 25 -1 432 562 240 850 95 502 690 979 899 556 535 456 726 23 164 432 182 970 73 -1 295 131 368 -1 580 974 940 223 188 523 31 344 770 317 -1 949 -1 385 712 485 457 832 835 -1 817 618 67 919 198 592 -1 -1 943 125 806 609 29 992 843 761 241 379 114 658 603 380 416 109 826 464 650 -1 -1 662 -1 573 -1 310 615 369 -1 418 608 298 346 16 -1 469 564 323 769 305
340 468 960 -1 -1 230 353 151 544 905 49 359 215 -1 643 181 32 740 26 603 96 165 163 427 885 796 826 252 -1 274 25 350 838 202 -1 465 524 501 604 520 474 636 68 43 499 85 908 276 826 703 -1 -1 90 402 719 728 457 238 594 350 963 227 383 7 969 153 39 510 567 -1 986 927 256 805 657 -1 912 421 -1 204 878 -1 -1 550 -1 539 -1 90 313 749 344 508 648 808 524 -1 781 646 60 778 410 535 457 856 353 723 229 971 246 924 717 263 433 774 962 976 332 213 179 110 753 809 999 862 277 806 185 -1 874 10 974 614 242 920 -1 721 566 809 344 601 642 578 -1 413 272 934 342 725 899 706
123 392 646 947 -1 585 -1 620 241 534 -1 -1 813 320 370 101 -1 -1 207 891 172 -1 749 195 304 285 990 728 774 200 651 538 520 801 3 -1 605 722 847 -1 813 97 398 81 878 164 390 627 68 12 708 416 486 579 84 548 875 -1 151 733 -1 817 -1 284 715 408 279 -1 -1 54 846 206 149 252 999 348 399 -1 -1 508 378 710 57 342 683 -1 99 758 819 380 802 -1 918 -1 169 606 282 336 639 755 513 743 401 390 -1 436 504 -1 788 67 602 -1 -1 956 216 112 833 742 677 915 236 625 841 392 532 73 467 462 77 919 -1 856 10 134 595 151 2 716 928 249 87 297 617 63 454 591 796 42 108 705
907 826 771 -1 582 198 292 870 90 220 722 458 680 819 247 -1 943 677 -1 535 225 583 745 562 646 883 754 28 131 -1 -1 402 792 299 719 294 850 733 124 -1 962 159 582 451 -1 715 950 186 657 390 24 470 -1 787 842 44 -1 88 944 55 984 390 372 350 163 34 434 624 806 217 719 790 978 513 767 800 870 693 516 340 62 216 300 -1 458 455 96 509 15 305 394 885 847 271 870 -1 -1 439 78 382 518 341 97 103 549 185 62 939 388 645 156 -1 757 123 269 -1 526 271 -1 367 258 21 372 -1 931 250 317 19 199 388 259 676 444 83 761 599 386 -1 390 320 274 383 481 555 389 117 782 660 563 960
735 252 717 380 814 513 285 770 773 174 -1 741 245 986 766 968 812 647 892 71 998 12 775 771 378 520 321 556 405 136 39 164 -1 968 362 187 107 33 288 -1 767 630 90 833 226 68 188 990 -1 982 34 -1 595 119 122 5 660 538 392 808 632 80 301 402 859 252 22 780 754 578 -1 274 502 539 983 -1 623 409 594 964 37 336 505 137 965 195 125 369 -1 -1 232 760 798 218 -1 652 331 441 130 505 334 -1 670 107 994 -1 805 213 605 -1 292 571 854 76 801 249 773 150 467 297 549 748 696 882 800 774 288 983 970 635 365 104 422 930 778 918 -1 485 27 659 -1 868 959 550 -1 968 589 752 -1 209
586 356 331 372 45 580 -1 96 938 351 408 580 922 96 787 546 18 -1 -1 -1 227 212 700 654 976 700 648 949 393 519 511 4 265 79 24 261 80 676 989 886 -1 453 526 777 447 975 667 489 626 105 451 -1 128 467 -1 236 911 673 500 827 881 50 951 410 586 69 86 475 -1 -1 453 566 597 110 547 -1 369 493 349 27 239 466 700 727 699 962 843 791 981 77 -1 133 12 197 649 832 -1 718 230 47 882 -1 929 627 713 653 669 945 925 856 231 441 -1 123 226 -1 421 -1 961 223 -1 649 -1 -1 527 450 697 665 751 90 833 13 439 -1 974 411 876 96 372 596 296 724 569 733 703 591 982 835 544 879
206 -1 398 -1 156 988 487 101 939 340 63 652 34 397 729 599 150 589 -1 239 933 596 -1 841 978 754 -1 342 554 558 320 637 309 762 486 988 -1 221 353 928 -1 650 377 458 140 393 994 786 438 256 927 551 -1 330 362 466 170 163 971 252 458 830 476 250 210 873 567 171 939 24 -1 903 665 493 970 531 -1 156 130 915 121 100 231 284 640 363 740 779 417 222 396 184 152 890 786 200 -1 992 333 972 355 651 745 383 621 459 324 663 333 310 -1 895 848 340 704 336 305 524 -1 450 -1 537 422 209 410 678 999 326 396 32 690 983 844 928 838 199 65 110 527 403 448 409 485 958 391 596 108 926 729 868
910 204 545 232 -1 944 978 889 505 872 414 784 217 122 981 -1 79 883 577 618 603 720 835 906 630 501 -1 665 975 246 571 594 708 518 72 253 -1 932 722 253 236 977 -1 767 247 313 918 250 297 260 406 912 164 221 2 964 932 36 88 311 225 451 496 121 512 624 870 713 -1 -1 122 284 378 889 962 418 583 149 796 573 411 32 549 651 259 267 -1 367 928 -1 551 111 721 -1 -1 6 387 938 15 549 274 -1 560 239 721 749 32 -1 33 895 484 60 -1 975 143 611 756 712 904 552 853 300 573 505 581 908 301 106 -1 290 785 359 124 854 943 670 320 284 994 -1 211 605 966 953 165 950 654 16 450 33
-1 850 560 268 490 67 427 643 -1 305 535 103 -1 683 798 106 281 430 964 191 18 825 37 907 773 362 628 836 987 13 610 67 197 852 139 687 250 178 200 -1 859 461 159 888 545 757 332 836 94 372 734 802 810 310 590 215 347 -1 -1 368 419 407 383 716 -1 163 527 780 128 417 -1 -1 419 781 140 589 962 -1 746 637 133 411 641 950 73 -1 790 724 308 165 328 535 594 40 368 291 418 -1 -1 240 -1 115 550 753 774 174 868 985 720 -1 819 506 586 -1 230 297 -1 852 467 334 184 995 55 852 503 566 526 358 21 318 69 753 471 692 822 284 806 509 412 304 599 272 63 265 -1 929 135 31 311 367
5 72 991 311 225 535 847 692 991 -1 352 259 114 789 791 261 171 941 505 111 321 93 -1 343 305 878 31 182 728 353 935 -1 548 106 458 802 608 -1 217 60 265 81 267 391 -1 237 701 606 -1 726 354 848 712 243 669 170 517 -1 303 66 695 460 19 839 413 724 673 11 835 267 130 760 226 127 706 653 958 296 445 466 302 331 202 308 -1 855 753 224 52 -1 559 322 838 219 721 -1 803 -1 712 492 283 595 66 425 876 83 -1 39 498 338 453 198 838 734 324 15 855 722 659 667 472 702 225 77 113 598 678 470 -1 -1 512 174 -1 915 637 -1 921 862 946 224 25 352 433 -1 347 878 231 885 479 6
-1 765 -1 516 474 757 418 412 57 163 161 833 246 750 175 555 54 258 333 995 280 72 773 -1 495 684 592 101 455 682 872 208 829 824 366 669 753 446 440 628 987 895 6 229 98 374 534 -1 -1 -1 993 647 638 794 560 863 698 551 463 199 638 781 649 804 -1 178 998 687 661 246 -1 -1 552 356 135 -1 170 768 458 339 -1 54 501 -1 331 408 816 971 141 225 74 963 425 143 980 -1 197 443 520 255 38 775 764 972 90 316 340 778 351 586 247 152 334 698 991 119 469 -1 601 779 765 917 313 229 778 904 415 -1 224 361 -1 182 499 250 733 2 132 246 462 528 272 647 428 962 699 892 657 41 -1 621
312 306 264 247 943 231 769 508 400 209 227 31 410 255 121 988 171 -1 878 442 671 -1 -1 226 622 480 473 711 70 985 107 390 47 -1 326 27 939 735 332 805 906 260 824 854 747 -1 442 603 460 328 823 692 482 839 457 810 486 872 -1 72 277 -1 398 146 574 694 361 971 588 -1 343 630 206 455 580 120 751 -1 514 417 723 4 48 995 -1 171 -1 -1 965 926 973 600 533 142 47 229 15 341 367 697 957 525 398 860 322 -1 809 695 894 71 485 661 -1 740 738 740 -1 611 -1 176 518 38 441 361 521 2 386 380 703 727 29 793 121 832 799 993 893 477 110 7 194 -1 269 -1 568 325 936 29 223 206
902 953 406 407 924 943 494 -1 655 117 174 504 722 779 -1 209 734 69 146 824 402 882 548 -1 524 931 565 572 458 276 35 855 834 202 44 863 537 644 121 36 30 -1 176 744 14 797 695 75 476 913 931 472 750 870 722 461 587 931 218 19 478 537 652 29 344 -1 608 573 83 347 -1 -1 563 96 631 -1 511 3 949 596 164 896 376 817 4 819 849 850 14 450 145 717 582 459 655 879 364 109 223 172 571 217 855 859 826 463 836 67 118 964 847 397 -1 753 641 104 -1 638 698 71 143 531 16 781 437 456 471 526 544 988 235 994 107 493 726 760 388 257 747 681 474 492 107 -1 608 735 970 748 327 402
86 685 461 -1 -1 635 165 151 523 629 334 165 18 273 41 493 197 -1 521 934 205 333 375 592 553 447 582 190 768 367 791 -1 811 353 772 201 539 155 85 -1 455 289 -1 819 262 -1 826 850 847 587 298 811 515 925 964 296 582 604 -1 83 872 60 153 889 -1 -1 244 92 -1 237 447 961 707 460 110 -1 -1 227 786 641 355 739 783 342 583 986 50 607 93 210 320 -1 555 134 765 699 196 578 200 680 43 669 205 796 88 49 426 -1 617 113 38 286 645 250 190 907 149 -1 45 203 878 45 441 159 -1 506 228 688 586 674 506 874 259 828 350 687 -1 523 766 473 24 482 376 764 496 693 548 382 166 989
490 193 776 22 226 -1 383 71 117 43 213 901 -1 326 326 702 139 589 16 153 149 275 345 102 545 -1 200 94 3 517 676 396 476 39 700 372 437 586 589 891 281 331 928 825 215 705 60 442 828 235 406 103 151 842 569 192 13 976 949 650 691 513 66 -1 151 811 93 498 248 881 643 521 424 919 143 570 19 965 946 648 52 526 923 969 156 -1 360 347 470 907 35 984 183 343 498 -1 591 324 190 987 653 856 110 862 354 713 577 12 849 -1 601 234 110 810 935 613 948 894 34 177 266 578 247 785 687 -1 -1 624 139 109 418 277 91 60 793 539 -1 -1 420 470 96 892 501 579 -1 438 11 848 218 611
287 642 759 134 480 591 878 982 157 369 -1 416 465 85 952 512 395 323 752 561 -1 828 89 184 982 212 166 137 68 66 899 246 830 671 853 253 343 157 79 830 930 432 291 336 652 402 361 8 311 545 -1 589 369 -1 252 756 364 793 731 873 632 725 845 94 995 101 861 972 541 819 -1 264 869 779 880 438 -1 252 194 516 445 399 760 -1 475 189 835 476 278 52 546 671 283 61 52 529 600 963 861 469 913 532 69 723 359 152 953 532 664 804 537 641 398 489 191 485 570 462 772 624 239 618 833 197 612 356 904 399 434 905 536 -1 25 612 33 332 -1 21 908 312 -1 148 679 845 693 835 413 -1 686 208
926 668 120 674 906 991 150 447 196 -1 204 -1 314 263 764 198 779 949 990 583 894 244 -1 177 634 939 82 459 818 838 997 468 218 938 371 57 957 900 21 796 888 179 505 758 953 749 790 629 571 432 165 -1 767 309 684 794 176 958 -1 55 696 225 569 715 628 628 647 54 712 836 592 858 186 751 16 802 732 110 68 702 604 508 600 799 377 1000 681 738 -1 788 731 55 11 209 665 781 799 977 102 599 801 721 868 836 242 790 498 385 421 956 399 816 480 179 60 496 84 554 405 932 526 778 117 701 73 847 110 218 -1 476 -1 992 149 43 271 425 173 450 181 37 383 200 -1 205 107 55 236 764 -1 517
127 791 224 74 319 399 37 -1 48 343 559 578 66 172 -1 758 264 281 944 -1 288 87 -1 -1 716 367 353 463 574 -1 942 297 23 660 953 32 515 147 852 243 749 -1 59 794 101 145 460 605 896 701 967 24 218 448 329 982 163 613 610 68 810 392 636 138 256 949 -1 732 383 136 -1 260 984 676 -1 492 289 94 865 50 568 27 17 984 828 51 380 637 320 979 -1 636 257 -1 787 635 733 -1 292 951 405 910 892 338 673 663 48 377 91 863 417 167 367 161 816 253 312 778 373 260 154 149 420 8 710 821 402 682 150 -1 -1 -1 -1 -1 971 994 269 332 190 114 813 567 515 186 639 279 227 -1 625 489
500 838 263 630 -1 700 865 299 169 652 470 597 910 935 660 457 917 221 -1 844 548 604 471 277 -1 73 812 252 575 880 64 636 67 815 385 866 360 120 481 -1 343 50 244 424 569 707 -1 324 724 737 281 856 606 308 615 -1 82 208 197 568 917 546 693 730 682 132 446 712 96 77 584 -1 769 424 591 545 -1 52 -1 264 273 260 394 430 481 422 211 870 953 645 236 91 15 53 750 -1 884 8 306 804 900 910 -1 607 703 38 996 139 55 714 603 979 880 765 115 180 813 976 768 179 651 18 52 -1 331 217 588 827 685 -1 -1 487 328 93 297 539 560 558 649 904 455 613 121 810 -1 699 66 831 685 734
388 43 335 249 527 305 518 -1 -1 -1 931 275 462 -1 772 197 786 -1 391 99 670 -1 208 175 414 962 911 847 424 605 124 -1 446 453 421 871 376 390 554 785 616 507 607 783 10 883 571 -1 729 527 916 -1 682 466 628 187 261 136 551 837 25 801 145 530 157 205 -1 68 469 631 468 785 -1 265 -1 225 813 169 11 456 506 336 -1 856 634 289 476 749 733 101 318 235 206 989 22 192 764 372 187 409 69 391 891 559 455 -1 733 185 825 142 783 469 57 44 310 543 29 237 702 540 805 270 901 985 949 104 719 552 261 733 394 -1 966 766 213 2 819 211 202 307 491 417 998 38 265 551 953 257 690 598
589 942 890 583 280 31 276 202 975 165 928 815 158 658 426 521 137 731 874 182 678 664 391 463 982 158 448 -1 -1 617 982 29 331 484 302 624 708 362 620 4 478 431 519 641 836 -1 229 567 945 563 262 -1 686 -1 -1 458 744 146 867 298 913 409 746 463 302 689 550 519 730 678 428 371 38 329 477 924 541 515 704 406 975 120 -1 -1 727 501 571 520 988 933 8 512 643 432 173 -1 596 218 75 966 334 975 202 -1 -1 521 337 241 -1 718 562 819 765 393 -1 854 24 21 330 256 -1 171 783 529 154 153 406 -1 807 142 874 275 486 639 633 613 218 320 242 648 36 -1 -1 146 819 64 628 420 679 384
299 -1 660 319 -1 598 498 508 88 334 933 872 442 -1 267 660 855 742 747 906 477 505 734 310 414 687 398 362 691 528 788 660 273 746 -1 744 553 480 349 966 827 531 669 -1 511 656 798 560 13 84 883 807 497 135 147 964 719 496 624 227 176 136 224 -1 506 987 430 744 -1 889 286 278 659 -1 896 452 50 -1 944 233 429 680 346 114 268 434 969 427 257 431 530 141 875 814 302 562 184 619 940 590 223 421 219 292 679 467 538 433 436 856 844 200 598 425 959 -1 850 511 183 171 385 72 799 981 685 658 855 -1 434 761 468 532 946 -1 409 897 963 462 542 406 61 612 418 -1 9 289 33 499 312 160
760 824 953 223 836 625 281 127 653 721 253 950 897 538 618 207 767 62 82 -1 906 590 442 866 851 93 591 827 469 96 813 499 179 810 861 80 700 675 62 40 613 699 329 863 989 225 832 538 54 484 460 365 185 -1 427 769 -1 642 70 699 -1 478 473 878 -1 797 722 473 781 794 869 155 196 587 345 948 82 58 338 601 278 408 542 61 444 170 103 344 473 885 293 113 964 925 883 958 567 219 538 -1 27 716 -1 -1 840 731 -1 399 55 769 -1 156 727 901 557 798 405 898 755 549 487 406 179 507 473 446 441 34 -1 732 412 43 242 265 -1 242 391 418 876 598 487 125 276 43 667 596 963 524 624 28
308 982 552 -1 93 395 739 889 953 666 217 543 417 324 634 714 106 163 50 452 941 932 158 83 847 -1 799 778 914 429 476 688 849 442 25 340 206 268 548 -1 689 -1 418 196 942 245 985 175 356 331 232 362 54 380 418 -1 438 595 -1 676 586 135 109 434 810 485 78 -1 265 73 51 499 850 154 244 467 747 40 532 -1 131 687 386 831 782 203 294 587 768 -1 857 369 751 64 462 1000 439 673 226 187 352 419 -1 707 809 184 590 677 618 233 639 265 23 755 379 880 125 602 18 760 588 283 900 118 -1 -1 38 647 344 285 602 206 96 299 834 747 717 474 419 260 263 237 884 574 1000 104 627 372 958 53
-1 871 104 108 888 672 -1 203 698 488 522 721 -1 202 244 850 439 3 122 643 123 151 28 922 404 307 34 209 82 562 707 526 832 853 582 48 522 250 920 946 954 -1 519 799 841 950 992 431 768 39 782 -1 115 266 660 35 737 424 278 854 885 291 819 431 622 601 468 892 919 -1 -1 893 609 884 805 196 698 449 572 307 277 634 831 618 801 471 147 148 842 534 343 880 467 873 987 670 659 212 781 144 197 713 -1 149 445 -1 -1 156 165 24 922 962 546 802 255 649 390 186 298 934 729 949 666 601 902 868 40 934 914 915 467 282 67 172 470 587 -1 881 768 679 698 835 494 533 128 669 -1 -1 209 886
656 96 692 -1 103 278 4 850 997 -1 115 197 843 442 452 68 712 -1 115 292 930 402 134 566 590 443 72 310 478 -1 140 919 782 15 211 490 192 -1 100 318 666 495 541 326 -1 166 396 392 579 615 790 65 451 576 372 700 531 454 767 383 967 523 685 791 837 -1 -1 16 48 536 478 767 568 258 -1 583 698 409 264 321 854 517 708 980 145 665 308 675 657 392 -1 -1 949 992 -1 482 122 510 898 697 535 455 989 76 93 566 536 451 371 80 433 299 -1 380 -1 713 415 297 476 82 515 -1 355 135 113 799 12 904 143 23 728 468 523 -1 172 107 630 200 799 413 635 -1 572 -1 508 433 313 956 -1 673
325 206 287 482 429 105 380 928 712 828 649 801 -1 436 387 921 11 163 3 958 168 744 655 40 8 404 248 979 607 423 755 -1 565 626 217 539 -1 813 761 70 724 946 -1 13 836 708 867 663 12 741 463 810 383 304 395 923 84 145 85 531 991 553 206 445 908 898 649 223 273 855 610 818 538 -1 815 617 7 982 258 647 891 45 738 225 117 -1 915 60 902 233 362 256 748 987 603 15 620 75 118 34 35 676 -1 -1 689 -1 22 706 754 254 450 258 998 320 459 49 -1 981 112 340 7 98 914 736 149 395 422 932 362 745 821 233 485 -1 959 184 -1 805 15 496 -1 962 249 220 651 674 -1 904 250 8
697 9 962 53 -1 996 523 545 69 896 663 680 813 5 661 925 523 -1 239 398 26 859 360 61 363 993 138 546 707 622 930 97 890 862 571 790 807 439 362 896 -1 664 538 973 561 315 464 661 507 110 466 321 36 923 -1 63 496 783 789 199 773 157 41 -1 947 -1 871 79 -1 297 506 995 73 187 656 828 253 637 31 456 806 648 4 963 985 -1 386 16 513 740 915 782 745 258 550 215 158 490 923 933 662 518 250 517 838 67 970 744 741 126 901 260 240 829 481 255 205 287 518 879 268 918 295 393 559 679 314 806 316 530 64 722 290 412 564 858 521 718 926 735 -1 667 843 64 397 63 326 921 784 810
159 495 -1 282 726 371 484 233 -1 631 -1 -1 407 -1 110 918 633 120 618 876 13 758 -1 -1 479 325 954 536 -1 740 867 22 893 473 687 58 158 913 724 216 -1 705 -1 989 579 584 294 -1 435 30 406 218 303 19 646 656 -1 548 147 561 388 191 471 975 2 538 943 367 182 888 311 602 324 323 368 26 902 45 339 113 218 511 34 534 712 945 141 940 -1 681 204 444 412 615 -1 772 545 -1 382 524 670 123 159 656 81 666 739 71 887 230 -1 233 501 226 690 29 -1 555 529 -1 350 46 204 173 223 53 -1 550 996 698 68 711 45 561 736 877 436 753 915 681 414 255 178 800 977 39 -1 392 9 927
733 212 436 521 431 984 549 810 502 702 373 612 883 245 472 451 211 329 354 948 709 843 316 137 906 23 549 917 602 682 529 4 28 -1 335 652 979 102 347 -1 475 998 -1 804 435 84 492 929 128 907 77 567 862 526 426 -1 937 -1 -1 295 161 789 -1 806 284 675 766 599 84 121 661 476 -1 592 968 487 77 71 421 740 226 747 995 654 70 984 993 449 112 834 14 549 652 939 495 -1 -1 147 28 820 614 284 502 99 346 625 289 860 546 4 954 48 572 -1 -1 479 -1 49 303 792 127 312 446 -1 327 850 495 940 516 3 131 667 213 741 944 865 231 433 420 986 986 363 959 390 266 724 770 -1 -1 896
775 928 904 493 214 526 423 856 365 402 174 97 351 903 -1 259 194 61 188 19 739 721 296 84 470 482 946 560 596 420 200 740 36 112 246 744 4 -1 274 919 73 947 267 386 7 299 575 815 625 58 501 890 851 385 879 425 467 154 751 17 821 509 710 380 313 39 686 -1 440 188 523 963 302 831 -1 182 897 586 621 352 877 418 583 597 26 616 592 282 -1 526 394 698 700 873 283 654 515 757 316 425 199 545 355 720 729 314 40 806 137 557 -1 673 113 922 879 -1 834 540 704 583 126 702 322 488 458 65 734 1 265 -1 324 84 -1 506 65 342 79 197 997 346 810 72 590 -1 372 519 872 -1 616 308
447 790 -1 139 206 -1 415 39 -1 25 374 608 136 444 141 249 849 210 272 837 303 951 310 394 -1 790 931 513 -1 741 290 477 403 -1 345 155 474 462 476 333 322 748 -1 763 716 684 965 602 726 231 489 806 362 140 140 302 -1 458 866 537 581 866 767 -1 38 -1 364 578 961 850 839 305 605 929 214 412 987 718 514 637 5 793 180 342 -1 832 217 779 -1 228 -1 758 499 412 977 -1 302 459 -1 208 2 869 697 454 683 941 993 65 430 560 236 60 278 455 794 600 939 144 780 505 757 695 262 698 475 -1 712 588 820 174 517 815 789 862 -1 4 679 368 465 777 404 288 16 28 635 388 372 61 425 704
-1 987 309 754 161 253 995 885 178 852 288 464 598 15 524 -1 217 753 881 741 275 184 471 735 90 322 9 737 668 509 187 419 950 181 147 558 336 596 604 235 -1 991 779 231 932 601 540 437 925 147 698 273 181 126 654 901 208 828 981 266 435 295 80 362 -1 423 -1 569 739 300 509 453 810 809 46 716 498 772 810 195 917 189 256 38 336 150 13 588 -1 518 917 374 430 54 726 579 277 212 107 635 409 350 516 741 134 934 758 416 752 101 362 633 -1 115 676 336 397 51 584 585 296 39 609 766 548 603 893 964 575 -1 254 863 793 165 34 528 505 384 408 -1 -1 961 238 181 982 926 210 212 196 158
93 288 590 514 741 704 817 375 507 -1 843 445 971 175 876 -1 785 298 547 517 181 765 429 177 66 219 -1 130 20 316 511 9 798 170 773 503 -1 377 429 -1 -1 994 726 256 67 682 409 364 570 717 361 643 928 -1 890 757 266 942 182 344 465 473 203 197 511 797 17 40 601 973 142 645 -1 752 393 942 861 442 431 394 -1 451 781 984 155 702 814 152 974 -1 506 221 -1 -1 943 698 158 99 16 612 853 980 391 958 -1 496 829 -1 34 916 747 638 567 868 841 493 163 104 998 98 939 -1 257 208 481 925 599 548 -1 748 403 464 -1 -1 676 364 567 690 23 706 190 -1 342 464 578 -1 909 808 524 826
54 935 399 254 487 388 604 827 346 452 39 810 835 453 587 400 923 468 902 235 860 215 -1 292 -1 -1 326 939 820 554 66 771 169 738 88 894 876 903 178 -1 -1 130 417 958 851 48 162 529 651 425 -1 974 598 307 224 83 463 188 349 397 549 525 33 504 595 427 486 322 506 314 268 246 931 574 -1 763 33 780 538 -1 149 558 -1 153 762 422 -1 816 789 701 61 381 117 693 871 916 201 783 859 767 55 119 843 664 846 -1 -1 872 549 589 256 672 636 572 -1 -1 855 990 328 216 846 493 528 798 114 350 353 183 34 508 33 373 791 102 906 772 881 59 452 37 620 558 640 629 962 586 435 249 104 89
812 469 577 231 226 372 958 264 916 971 823 124 454 665 281 -1 995 821 33 901 73 413 307 505 427 385 992 419 136 94 103 979 -1 781 812 583 736 513 978 790 447 557 714 -1 359 825 -1 265 438 34 634 -1 590 653 559 607 653 654 817 833 437 524 11 52 497 737 526 270 503 644 703 79 922 462 929 886 436 409 930 -1 252 744 856 274 809 275 937 624 950 967 723 747 447 282 164 -1 961 819 891 487 999 131 -1 313 -1 292 309 395 852 674 318 593 -1 473 223 257 119 418 191 942 222 19 852 879 642 673 894 698 5 93 -1 288 452 932 805 89 51 273 585 962 13 931 543 730 475 -1 719 620 164 567
-1 371 333 358 167 44 695 -1 477 972 933 358 180 921 182 462 862 446 -1 873 228 793 635 -1 7 433 331 461 735 352 639 760 885 910 151 696 338 -1 570 340 376 -1 362 901 733 -1 489 313 497 664 960 661 -1 562 855 898 263 702 851 791 142 987 -1 974 407 399 26 203 704 717 953 994 700 509 898 901 -1 412 -1 339 265 874 882 967 559 133 -1 860 925 152 568 671 -1 14 90 428 459 21 860 492 -1 735 496 831 -1 493 -1 770 212 219 363 408 527 479 54 221 218 -1 101 521 -1 133 205 73 408 178 42 103 297 387 7 85 -1 522 118 16 551 557 811 82 253 -1 679 132 772 954 594 570 693 846
708 -1 988 979 10 9 75 -1 909 179 -1 848 -1 322 466 440 798 313 987 31 -1 708 869 641 -1 131 589 232 282 760 682 858 474 334 -1 579 -1 925 454 309 -1 812 373 545 600 163 335 586 10 763 468 646 579 561 240 460 27 772 95 684 218 674 256 838 776 52 -1 129 909 946 597 764 366 298 264 804 397 470 447 -1 436 247 828 652 -1 534 532 205 181 609 434 569 88 -1 951 467 307 409 200 751 388 783 343 792 323 306 569 327 127 323 174 696 822 -1 424 550 62 577 204 817 821 -1 332 489 476 41 494 677 919 46 973 720 680 -1 744 428 814 761 565 521 140 -1 957 856 775 972 593 586 69 180
111 700 817 80 621 313 448 877 738 740 41 999 683 616 281 376 225 619 116 975 689 843 -1 477 788 -1 200 967 527 461 496 318 366 605 325 883 550 402 71 974 673 679 573 534 338 683 105 89 682 -1 936 -1 919 205 237 372 922 18 375 564 -1 372 286 999 244 167 584 771 326 885 683 766 949 95 401 327 353 152 194 95 527 741 554 721 112 478 798 -1 533 293 933 155 968 997 616 452 907 13 870 719 128 840 458 497 238 670 515 729 576 308 727 69 435 366 997 892 748 783 643 657 80 718 344 -1 880 788 202 698 740 754 -1 500 538 791 343 18 165 999 849 854 545 247 764 428 -1 539 132 76 269 829
302 592 631 481 720 -1 776 854 298 918 -1 840 32 587 841 54 810 555 940 -1 394 248 294 -1 784 571 171 -1 91 766 -1 915 640 326 -1 427 554 577 25 849 354 -1 -1 -1 451 60 975 628 331 160 603 965 292 -1 607 439 785 374 960 266 100 215 451 17 223 -1 169 468 -1 53 241 199 -1 918 940 709 976 964 285 946 500 387 504 290 248 322 659 929 804 969 -1 750 596 780 54 657 24 484 29 251 813 -1 407 520 699 894 279 -1 -1 572 -1 234 -1 331 534 8 577 288 857 512 -1 40 93 631 455 600 712 313 43 141 814 829 528 88 408 418 772 503 816 -1 102 401 619 606 845 990 20 482 353 452
895 321 273 925 329 200 -1 563 942 168 583 466 651 787 84 -1 831 12 786 279 191 210 557 603 747 853 553 673 591 316 837 469 207 832 994 842 75 339 970 785 38 884 764 414 332 497 153 852 675 779 15 528 926 821 766 52 673 551 461 182 617 741 668 516 197 831 221 137 606 168 164 22 972 635 803 63 -1 682 452 632 277 790 642 877 875 380 530 745 533 128 829 129 632 150 539 999 645 697 455 259 224 204 418 314 -1 372 42 -1 873 812 751 686 363 197 450 902 261 966 280 746 102 588 878 791 710 -1 648 292 895 -1 380 95 561 941 504 55 792 545 185 256 900 250 414 796 441 924 441 333 340 296
174 365 30 189 683 114 399 103 308 128 533 829 353 42 -1 907 698 609 180 533 742 626 -1 405 664 651 418 249 473 41 89 240 851 490 46 -1 420 927 352 561 617 112 262 547 236 312 836 96 545 665 887 64 669 67 167 258 723 226 75 813 440 114 967 346 247 661 18 443 811 379 335 922 239 117 102 923 271 724 228 133 408 451 164 205 703 376 215 804 782 621 735 235 799 250 508 806 277 391 574 43 2 699 926 551 816 872 281 205 788 862 -1 721 823 -1 581 230 220 875 450 81 -1 -1 312 194 236 790 295 943 670 840 723 975 894 855 656 958 734 727 648 621 -1 437 351 419 809 225 889 664 568 -1
382 104 32 406 362 97 400 -1 917 940 322 525 117 709 95 558 955 780 359 -1 526 385 124 316 318 626 720 437 -1 756 521 980 537 261 662 175 922 -1 553 328 333 959 -1 786 96 155 34 101 439 950 -1 -1 909 466 203 924 698 795 398 774 651 408 259 756 910 194 567 520 221 676 728 -1 836 143 111 11 220 361 142 950 13 321 -1 357 770 631 339 774 539 86 121 31 830 323 -1 498 710 649 643 544 468 -1 925 621 195 459 479 343 911 333 568 133 968 382 791 431 294 667 15 274 426 243 788 352 392 -1 97 186 921 222 311 151 408 -1 604 328 507 -1 -1 840 620 754 -1 758 816 120 895 880 738 -1
74 -1 425 341 299 370 400 179 925 600 389 140 -1 83 -1 662 516 509 140 -1 77 654 987 196 976 781 254 88 -1 918 899 274 800 509 675 636 84 438 47 916 204 32 189 511 534 515 776 252 828 367 631 -1 433 407 -1 769 714 294 736 853 336 943 673 601 656 159 702 807 146 903 831 719 425 363 128 341 951 207 270 819 396 649 883 972 947 132 99 931 524 919 381 829 102 299 818 307 189 771 815 -1 425 742 470 84 -1 -1 271 296 846 287 928 293 588 682 393 573 42 -1 853 -1 996 731 808 753 926 617 774 831 818 68 175 234 61 85 40 478 -1 50 204 740 946 127 971 95 383 957 200 402 86 866
-1 167 290 386 259 926 562 712 202 304 50 434 279 237 291 553 995 592 776 -1 297 1 715 734 757 581 -1 378 726 341 714 441 582 78 651 653 706 514 766 464 329 760 920 475 315 119 -1 537 95 730 711 9 689 763 400 599 47 703 832 855 644 735 570 160 998 579 294 472 698 171 287 875 195 274 639 322 557 695 364 -1 -1 664 904 159 29 179 418 -1 121 601 741 75 967 522 764 706 896 155 913 608 204 -1 -1 616 304 347 954 341 718 521 623 -1 333 47 232 99 950 27 145 44 578 800 569 847 126 11 32 473 401 915 954 971 280 736 928 106 636 770 823 795 454 646 98 226 -1 787 202 868 741 1
907 599 345 639 716 356 946 988 152 49 223 673 380 -1 841 704 999 -1 199 676 760 260 972 -1 452 826 234 816 -1 -1 896 627 446 309 224 332 336 789 -1 628 306 27 418 395 699 176 395 765 437 -1 467 769 -1 340 111 959 185 674 99 774 918 494 875 626 194 474 257 736 208 847 932 612 962 143 505 499 794 769 266 977 102 834 269 542 365 288 965 916 586 332 909 328 187 984 763 853 887 466 517 972 657 296 243 626 935 726 -1 616 160 269 85 -1 574 777 422 145 879 442 746 343 -1 261 884 133 454 251 928 381 -1 835 821 104 245 223 772 355 469 860 9 517 775 508 548 -1 868 861 932 9 953 928
305 503 617 953 428 531 669 670 674 987 936 410 507 321 227 363 28 45 568 380 755 189 552 934 331 55 298 290 843 678 843 519 311 795 261 232 271 325 755 149 804 538 97 -1 592 870 919 443 778 -1 822 707 451 841 345 587 15 853 -1 980 -1 476 773 178 601 326 109 762 584 126 378 547 461 150 -1 639 309 730 275 161 937 -1 40 -1 644 769 887 97 56 101 764 642 652 115 111 504 666 177 624 67 966 997 286 585 557 315 542 -1 472 395 534 520 -1 -1 954 876 -1 868 145 -1 241 937 451 -1 710 982 832 725 619 501 80 929 989 161 373 399 349 492 980 448 541 109 734 146 241 561 141 24 744 304
763 283 196 658 628 282 -1 817 275 593 531 87 -1 887 74 96 508 7 866 743 211 562 95 253 289 648 574 307 294 210 862 731 713 589 933 -1 653 -1 11 960 740 882 175 90 455 638 -1 8 874 909 745 541 979 560 -1 886 780 523 768 346 664 200 420 929 981 -1 -1 156 666 998 588 209 551 603 260 624 842 668 953 -1 354 592 305 895 646 304 710 543 434 219 451 721 -1 325 -1 924 973 167 495 697 580 210 -1 23 546 169 980 51 -1 763 842 459 409 535 170 909 -1 703 -1 428 -1 190 120 249 435 -1 -1 91 763 250 -1 -1 704 -1 987 677 737 398 731 829 73 -1 -1 757 40 173 397 121 475 140
191 -1 472 175 671 599 767 648 544 632 731 358 408 -1 -1 283 853 773 755 878 283 993 898 827 548 453 979 313 546 882 868 64 714 380 -1 893 237 569 983 148 322 744 604 226 414 157 455 773 -1 585 711 333 83 860 193 931 366 681 -1 638 242 821 304 407 263 681 396 -1 942 -1 964 973 564 -1 608 798 920 97 560 268 563 93 176 418 200 607 775 502 288 516 18 997 310 657 846 -1 458 226 522 694 850 889 561 389 872 132 940 828 -1 150 245 293 181 21 710 -1 671 4 342 20 101 317 730 262 479 563 827 845 813 984 918 965 887 531 222 965 881 61 970 292 650 116 -1 571 916 696 796 187 116 508
331 379 -1 66 367 735 804 187 897 411 910 -1 353 82 -1 559 547 126 24 718 191 48 414 474 469 274 43 549 137 742 997 932 746 940 774 517 329 640 -1 598 731 215 22 -1 453 538 440 34 931 824 924 145 537 660 913 411 431 -1 880 -1 242 176 69 518 568 553 -1 659 -1 297 989 863 733 847 277 -1 728 -1 954 790 677 14 981 557 -1 97 759 454 793 446 279 98 -1 789 868 916 988 836 671 643 630 316 682 902 970 512 173 231 -1 931 691 637 785 -1 227 151 688 27 495 863 792 794 911 688 113 32 943 475 449 441 -1 815 122 323 55 178 49 937 636 541 610 32 430 790 17 968 649 976 817 375
-1 183 781 371 376 890 435 686 305 604 161 863 230 102 -1 991 401 399 111 78 520 427 951 410 252 865 522 313 869 898 398 567 670 320 960 871 334 111 151 -1 700 147 470 288 369 12 346 -1 424 920 964 115 317 373 206 418 765 895 337 -1 467 260 950 -1 948 506 448 832 434 201 235 925 733 377 133 721 993 770 16 72 586 373 224 148 996 -1 370 196 486 674 411 713 -1 905 785 -1 236 828 424 789 154 653 694 965 171 777 436 671 966 606 -1 741 78 -1 331 367 630 -1 30 849 697 612 613 944 106 528 356 499 470 751 565 569 47 -1 909 682 574 587 899 261 560 597 493 769 697 951 789 151 412 388
168 653 64 141 605 94 252 -1 723 283 924 363 435 361 122 229 237 133 660 732 723 498 689 652 101 241 796 798 883 94 416 534 264 367 72 6 -1 862 700 667 504 648 -1 -1 799 154 921 465 900 -1 -1 895 913 108 242 866 147 -1 985 499 286 217 159 746 63 751 850 -1 942 447 951 300 -1 979 227 126 293 20 94 185 631 890 228 690 598 945 563 16 842 575 593 33 130 754 242 215 903 87 989 215 694 875 659 550 959 521 917 178 379 252 60 815 793 414 -1 552 389 4 97 457 424 657 479 -1 785 304 932 499 433 284 551 370 899 -1 927 176 219 813 671 576 928 197 761 773 268 -1 199 102 121 794
177 -1 633 -1 847 188 690 30 240 507 633 332 93 499 152 873 783 4 625 722 582 218 82 992 378 356 434 263 714 -1 204 599 949 610 477 985 18 668 892 308 841 188 528 543 450 586 232 618 205 651 699 -1 207 119 389 699 106 212 975 52 866 -1 835 911 375 444 253 384 884 -1 554 214 -1 655 981 741 857 777 494 476 272 706 406 196 2 48 324 30 914 145 32 229 292 91 787 -1 699 7 776 -1 1000 473 198 397 562 967 836 631 943 374 695 413 926 297 623 43 677 837 779 968 91 276 799 493 777 492 -1 529 137 729 838 712 696 379 968 372 393 991 4 109 576 661 262 4 181 633 945 796 115 -1
450 48 667 614 493 995 248 313 46 896 879 314 466 972 655 220 107 841 529 952 564 113 930 428 -1 1 729 662 491 -1 -1 539 91 8 781 958 213 445 788 855 987 306 843 124 814 690 673 534 937 770 495 753 39 -1 857 -1 494 402 483 33 615 75 477 -1 641 961 824 55 871 383 28 626 535 466 -1 -1 841 -1 913 371 85 790 112 648 245 326 535 370 472 979 955 861 90 259 233 509 838 560 308 866 480 283 254 377 877 633 -1 -1 916 602 436 472 814 269 654 -1 14 781 332 534 624 19 429 313 -1 298 30 595 806 743 631 570 575 671 -1 227 15 -1 722 480 438 331 836 764 69 482 952 907 670 606
366 713 925 708 -1 237 380 49 401 545 485 928 706 553 202 795 957 644 335 402 187 3 901 281 919 -1 977 302 445 73 871 651 110 860 276 573 -1 611 -1 138 451 307 729 -1 761 886 234 633 29 493 631 244 845 178 884 468 715 235 -1 81 876 647 882 635 608 682 586 313 187 347 191 1 665 480 408 22 439 304 94 378 657 452 57 745 -1 211 919 315 463 449 150 -1 670 806 228 -1 5 479 596 -1 381 888 615 688 946 281 -1 122 511 373 571 -1 506 823 819 304 834 363 326 881 675 419 -1 643 151 470 642 -1 165 436 140 728 -1 42 746 461 136 198 103 713 510 444 990 91 -1 198 895 934 794 553
906 174 450 654 678 349 414 501 286 360 41 580 185 531 386 99 931 474 148 906 182 738 843 71 549 650 749 847 903 497 185 547 -1 970 76 110 769 144 204 351 5 819 643 293 995 304 813 335 615 252 6 173 819 398 638 -1 126 633 858 153 456 273 182 777 855 -1 63 758 727 433 784 281 492 832 167 885 838 691 50 405 230 467 85 697 512 43 879 667 797 488 278 920 762 91 55 740 122 323 -1 747 679 190 758 617 961 128 812 -1 808 13 844 925 5 1000 472 42 -1 561 953 5 948 411 -1 626 927 728 -1 345 272 52 158 695 880 341 160 382 -1 79 580 400 117 146 425 30 -1 37 285 24 909 -1
45 856 538 14 -1 960 51 -1 92 680 -1 372 284 433 21 -1 947 403 332 920 488 469 438 164 338 663 -1 635 199 95 638 399 671 350 301 783 837 68 819 920 706 415 593 654 678 110 119 666 493 -1 68 93 407 821 -1 501 270 566 924 985 237 681 -1 107 86 834 566 289 287 875 -1 929 721 942 375 536 -1 349 983 139 990 600 321 237 -1 356 -1 186 288 685 467 338 4 -1 326 456 593 303 227 882 831 -1 -1 643 275 200 361 613 241 841 864 87 -1 138 252 627 986 -1 416 893 -1 296 -1 661 949 652 813 876 110 -1 365 761 -1 63 722 457 271 542 51 442 167 572 721 756 985 126 -1 228 895 505
519 277 31 -1 104 747 -1 273 94 -1 -1 169 622 -1 421 766 -1 731 390 705 646 283 703 -1 28 856 424 -1 614 495 999 656 193 36 247 -1 336 419 965 458 550 147 818 -1 769 982 -1 347 367 748 915 546 850 -1 246 234 382 418 792 220 38 -1 35 670 368 58 869 310 -1 675 896 847 624 683 305 598 4 57 250 243 921 983 720 399 160 -1 9 341 679 703 426 963 667 310 -1 -1 15 480 973 -1 530 737 797 162 11 996 238 656 526 -1 -1 748 308 145 954 137 271 482 742 508 905 615 246 -1 468 519 429 161 270 26 762 138 867 825 417 184 852 992 865 132 608 186 841 507 607 976 191 759 196 971
582 889 617 584 71 339 47 940 309 169 172 446 272 41 963 470 380 898 28 911 -1 946 243 59 -1 888 -1 840 844 389 165 948 488 -1 642 822 -1 34 994 154 -1 283 663 -1 961 9 988 335 528 690 659 932 487 858 337 130 381 348 904 770 344 505 -1 170 -1 398 542 673 707 642 308 -1 605 197 919 75 343 694 -1 242 414 328 -1 679 421 191 222 624 278 890 399 829 287 307 791 917 853 566 806 1000 200 -1 942 892 64 406 146 430 411 348 941 382 840 601 322 893 125 115 684 401 888 695 -1 90 906 935 64 525 328 518 807 62 -1 19 686 45 268 216 630 838 22 78 105 909 447 64 526 498 -1 466
927 675 380 828 358 917 787 261 934 842 894 -1 865 350 269 615 576 250 47 238 219 384 756 927 960 602 -1 -1 540 310 -1 767 113 89 774 -1 700 -1 -1 470 636 668 670 80 197 25 38 576 789 534 970 78 601 408 284 134 294 885 267 824 696 820 577 269 559 648 -1 645 404 720 727 955 161 221 -1 938 737 935 610 606 401 846 849 172 567 125 326 472 284 317 94 906 671 147 223 622 121 846 745 397 83 -1 388 872 653 402 954 361 539 340 648 858 782 216 -1 -1 560 611 464 178 263 589 838 489 219 393 826 822 340 971 180 506 100 612 25 467 491 499 263 77 134 206 852 153 -1 693 294 250 938 346
536 865 834 425 473 110 655 209 561 330 -1 835 401 599 772 -1 766 477 289 705 316 221 318 297 718 556 -1 -1 37 824 294 830 250 101 160 613 178 349 996 207 577 82 751 747 336 473 51 666 977 254 -1 836 663 76 120 596 212 983 698 584 271 790 781 254 750 490 863 568 492 931 232 168 346 -1 841 458 447 49 180 236 841 260 543 122 613 173 366 514 591 805 173 327 -1 155 974 12 589 21 934 553 63 520 144 274 474 265 383 195 286 -1 968 109 932 160 346 267 218 632 639 251 534 520 493 2 67 966 278 712 845 561 90 240 359 736 1 267 -1 -1 -1 735 729 15 865 646 610 890 605 841 998 765
162 275 486 457 453 861 165 -1 616 42 23 746 925 414 842 156 902 146 172 851 524 314 766 346 331 909 342 507 -1 487 891 -1 194 937 254 411 35 608 -1 851 580 927 513 97 144 493 890 -1 724 9 507 509 990 689 300 10 12 -1 315 784 613 891 201 534 648 114 613 298 470 795 922 298 859 113 423 449 436 336 502 -1 668 998 19 513 242 416 181 295 -1 265 169 690 339 506 655 80 958 49 463 359 106 544 621 771 281 295 437 366 74 -1 918 953 366 -1 859 673 212 479 658 921 597 250 242 329 965 584 930 292 948 319 640 61 435 739 370 409 274 791 838 3 -1 533 780 662 522 953 766 138 49 -1
678 994 321 673 817 967 128 244 406 867 631 293 949 29 878 758 915 257 944 -1 536 719 830 901 78 131 253 426 929 725 325 118 809 573 72 838 -1 691 471 16 690 24 636 737 746 327 625 960 209 998 974 940 898 259 329 489 -1 -1 227 406 869 659 189 697 126 250 252 652 268 785 825 574 970 238 237 560 765 265 699 651 555 408 240 724 831 653 287 609 470 297 99 509 610 686 898 -1 549 715 568 295 888 608 769 630 -1 427 515 891 -1 928 27 199 982 328 -1 819 651 566 46 2 459 -1 966 989 620 617 286 395 816 235 794 646 497 872 399 175 47 176 746 342 495 688 19 34 753 5 982 272 267 356
-1 234 -1 273 482 721 490 376 304 99 92 696 446 175 665 -1 444 863 636 494 277 402 -1 676 381 630 410 278 196 484 785 -1 780 351 249 467 640 635 758 728 543 257 718 725 175 774 799 966 146 610 459 86 355 810 556 691 911 401 686 976 988 668 393 454 -1 870 255 235 982 500 67 697 -1 245 -1 609 -1 441 599 670 641 663 46 29 285 160 649 661 631 158 722 899 964 935 305 492 14 537 -1 854 371 -1 819 302 850 834 302 -1 680 181 -1 121 785 -1 807 256 511 421 713 -1 925 620 699 642 288 46 812 985 -1 708 1 211 780 954 338 283 -1 579 713 738 298 129 -1 674 745 954 552 922 572 931
941 492 479 140 806 -1 328 548 334 197 728 851 -1 589 217 513 635 868 222 835 504 274 321 927 362 824 11 420 547 68 951 -1 123 515 693 653 570 791 403 846 849 601 438 139 219 349 951 120 118 690 875 222 778 626 777 461 298 752 601 494 340 -1 561 227 951 415 715 892 575 730 333 855 -1 807 304 407 -1 183 914 936 71 11 543 305 915 615 338 184 370 -1 560 267 874 764 -1 990 814 174 664 153 638 402 251 137 156 888 359 598 996 613 354 673 -1 66 991 226 491 619 616 224 76 693 448 -1 831 272 529 47 16 825 939 964 728 -1 402 993 677 328 912 386 612 842 -1 483 279 849 869 464 831 971
259 -1 56 -1 829 -1 823 268 665 694 170 246 290 801 630 952 411 670 421 689 292 581 138 767 -1 322 306 516 724 199 244 367 -1 166 819 937 494 439 535 271 880 524 729 48 -1 362 929 562 741 -1 695 457 -1 830 469 -1 793 219 115 -1 133 789 175 194 415 965 478 521 149 564 193 118 309 20 -1 560 813 -1 116 -1 867 560 -1 204 622 285 899 531 573 618 595 411 462 707 -1 553 317 -1 382 36 273 256 751 778 59 877 138 856 179 -1 33 -1 133 657 764 512 245 338 179 305 655 -1 656 508 842 244 557 287 -1 881 148 400 690 39 732 890 -1 480 724 782 988 818 261 133 508 -1 249 622 169 862
263 763 91 181 82 -1 610 772 325 149 67 661 837 586 399 380 964 285 241 855 119 543 835 738 270 16 699 312 469 205 323 335 -1 713 778 53 68 559 651 466 344 12 26 881 611 348 -1 -1 581 258 60 581 -1 290 232 625 839 909 -1 108 118 20 912 944 708 288 755 590 787 201 258 559 445 5 296 28 790 352 329 402 104 516 912 562 127 789 582 767 285 944 729 86 -1 209 225 366 133 833 992 496 -1 9 901 314 137 1000 916 228 972 157 921 721 409 -1 988 591 781 870 702 221 570 678 648 502 450 848 651 163 -1 994 -1 -1 -1 941 870 -1 493 623 547 874 195 958 153 314 400 842 830 227 910 25
686 843 853 476 -1 576 444 61 555 595 829 828 660 -1 340 813 816 18 259 478 681 597 -1 -1 471 710 849 752 -1 888 641 861 64 977 318 970 -1 273 448 538 -1 377 161 -1 -1 162 811 288 349 683 351 62 -1 380 165 239 927 981 551 569 907 314 151 1 293 838 874 526 658 645 237 -1 123 645 951 305 817 917 -1 212 596 158 185 954 101 177 198 513 65 143 818 217 876 339 679 332 436 686 824 96 860 171 932 -1 443 229 842 358 764 179 977 61 -1 796 -1 887 206 796 -1 407 242 117 65 942 109 295 162 863 128 745 967 536 540 540 28 -1 987 266 170 -1 899 -1 319 216 144 336 -1 410 342 -1
-1 845 187 411 -1 656 461 308 335 193 153 -1 -1 267 542 566 128 -1 394 988 470 313 607 202 -1 283 476 193 758 749 -1 696 870 228 271 32 929 632 652 841 -1 257 420 90 426 398 413 -1 115 -1 316 411 655 656 40 829 251 948 85 85 -1 941 -1 780 680 665 92 27 469 7 913 340 656 320 509 874 543 311 383 805 789 117 682 72 388 726 970 777 836 434 559 679 921 502 384 306 463 37 524 823 959 238 883 558 -1 257 150 733 -1 249 411 96 491 559 123 340 430 415 274 730 435 271 819 549 856 440 664 600 233 -1 995 108 794 713 544 660 672 292 168 486 728 -1 -1 85 -1 73 976 306 504 906
735 328 578 27 693 -1 303 382 988 627 271 184 365 960 734 397 792 895 940 675 666 106 368 967 523 677 130 -1 764 651 31 306 559 406 428 346 516 438 795 917 439 31 409 307 970 387 11 436 789 881 514 990 480 770 78 940 114 565 543 -1 331 655 -1 828 932 388 3 667 425 622 583 401 832 629 826 92 317 880 254 282 445 672 238 98 866 172 991 688 114 464 -1 185 594 115 431 2 730 444 498 747 818 82 46 248 183 940 -1 870 122 507 693 -1 51 101 321 725 951 560 55 163 -1 113 748 597 925 914 495 -1 910 952 710 407 670 235 180 886 367 235 986 390 577 501 745 854 852 -1 895 168 745 241
676 425 545 398 863 222 525 509 35 196 854 -1 643 92 464 897 148 526 861 813 833 34 623 238 531 394 781 343 443 792 531 154 774 519 927 397 529 283 726 647 380 286 320 720 796 274 503 953 138 956 20 706 742 441 729 977 920 416 390 728 382 791 264 846 186 505 730 586 932 362 523 766 723 981 168 265 625 945 640 734 25 845 155 808 714 682 572 665 205 119 974 284 376 727 398 877 815 522 29 789 94 628 489 -1 513 364 977 995 927 752 185 788 985 -1 456 -1 805 -1 968 722 732 231 175 623 895 293 82 -1 852 1 322 878 480 403 566 788 355 -1 258 -1 129 162 161 45 -1 267 314 559 283 239
467 846 598 547 478 894 755 797 179 30 815 -1 -1 513 -1 182 -1 944 301 313 -1 863 372 543 510 889 578 326 830 571 258 549 732 789 969 767 66 383 667 -1 405 815 643 468 477 62 325 150 862 248 381 421 579 645 743 989 849 -1 218 460 -1 782 242 486 243 -1 -1 6 198 121 523 291 -1 988 650 964 850 268 79 895 115 907 373 327 960 771 36 310 793 826 280 464 583 858 276 585 478 675 488 837 393 971 356 588 488 816 31 692 994 650 329 80 657 -1 714 86 660 390 319 979 703 383 541 -1 529 722 433 213 408 890 760 740 994 88 121 147 315 420 356 253 684 476 -1 -1 965 205 26 409 886 322
-1 557 292 43 921 697 169 917 353 -1 -1 154 -1 -1 81 900 477 993 218 998 298 626 232 418 849 588 286 239 843 -1 186 -1 -1 57 211 868 367 694 -1 342 582 314 276 321 19 437 -1 635 238 53 161 308 960 364 813 168 997 70 -1 62 330 173 634 137 493 906 517 -1 772 214 578 -1 98 538 331 222 810 208 648 899 895 605 918 584 469 441 93 133 -1 960 274 745 137 -1 -1 416 591 756 741 779 798 984 642 221 324 549 701 158 -1 532 435 672 -1 911 659 302 -1 220 932 86 270 764 279 136 880 57 982 157 -1 557 28 706 822 190 874 595 156 388 341 398 691 291 880 494 50 527 779 189 725 572
