50 50
321 708 758 543 -1 966 54 116 890 557 -1 749 287 889 164 74 -1 130 -1 6 221 170 297 204 695 187 708 989 306 -1 959 -1 -1 618 611 347 -1 314 324 484 59 962 -1 866 563 375 862 -1 -1 979
122 952 474 364 257 111 800 881 444 94 526 941 -1 720 320 314 81 739 496 50 -1 946 244 353 467 150 -1 34 343 134 578 646 424 -1 153 -1 145 636 1000 984 748 281 414 116 545 643 889 92 528 889
65 794 602 778 573 288 272 708 980 666 873 -1 257 281 837 690 357 354 849 945 891 461 980 146 171 371 489 81 748 632 595 959 639 888 738 201 452 186 703 736 -1 232 914 -1 186 562 -1 390 74 244
383 -1 286 888 -1 383 564 98 525 595 361 430 578 379 161 578 204 624 -1 678 -1 -1 630 334 913 440 232 492 389 876 611 759 509 21 315 294 -1 -1 984 301 -1 -1 492 281 486 252 865 293 623 531
619 917 -1 308 726 304 28 370 833 38 -1 703 910 196 -1 438 706 648 880 395 699 202 477 68 4 444 664 933 170 563 997 158 555 71 274 811 -1 342 71 719 127 225 845 730 300 449 -1 424 69 45
677 74 585 761 639 -1 323 502 962 937 -1 155 695 933 564 270 -1 853 530 828 381 399 731 -1 587 94 519 245 474 332 -1 556 55 968 698 768 -1 682 217 -1 363 297 629 816 140 367 824 985 530 -1
221 406 -1 -1 201 -1 493 357 -1 912 944 477 197 163 -1 890 156 113 166 689 494 353 378 61 690 870 121 333 691 168 -1 589 81 934 373 189 290 -1 480 247 214 662 744 7 464 421 35 858 359 734
-1 503 -1 700 52 801 -1 418 656 -1 -1 184 656 545 950 111 -1 166 878 640 -1 499 787 641 -1 -1 706 847 568 -1 90 270 321 -1 483 87 991 252 505 50 816 383 74 322 788 918 963 589 -1 -1
801 746 -1 110 392 329 -1 269 331 66 757 29 -1 847 881 975 237 129 339 168 847 98 621 727 -1 445 122 457 473 176 786 165 993 2 -1 430 213 34 242 903 476 284 311 366 805 361 834 861 64 411
147 502 97 102 289 205 774 700 547 820 706 -1 601 833 325 625 393 559 409 807 947 571 550 -1 982 696 212 80 -1 626 778 424 952 -1 241 -1 687 308 705 955 626 495 918 -1 805 403 688 183 542 933
330 112 911 733 255 218 817 638 -1 79 785 672 -1 851 560 427 495 927 429 620 339 32 -1 569 189 334 662 339 63 142 981 -1 480 949 915 861 861 -1 161 -1 377 108 452 836 188 947 595 989 375 -1
-1 384 913 761 252 557 6 -1 384 -1 -1 351 74 961 304 -1 363 201 392 -1 658 808 -1 -1 966 532 226 244 738 -1 99 443 555 877 95 133 6 145 17 -1 980 530 -1 199 454 -1 980 978 482 55
790 446 963 661 602 -1 -1 424 844 938 16 775 347 -1 433 79 222 196 482 3 127 777 76 37 907 -1 766 984 470 -1 943 634 -1 440 -1 -1 343 156 918 719 291 -1 384 929 596 892 583 -1 -1 -1
244 723 -1 -1 239 626 315 -1 40 906 22 451 671 -1 583 731 609 387 171 699 -1 754 635 947 838 850 468 507 -1 581 62 120 148 349 283 148 269 26 398 809 270 897 919 609 -1 -1 575 -1 711 507
666 -1 121 544 627 550 114 737 96 -1 312 914 860 -1 864 415 265 307 -1 529 510 160 967 970 469 -1 82 449 667 202 -1 704 958 935 -1 577 549 222 679 566 856 632 -1 367 529 645 89 120 114 106
292 597 796 394 343 267 -1 904 -1 -1 421 419 -1 185 -1 -1 982 107 74 28 555 111 332 969 -1 175 118 98 -1 556 118 565 841 215 941 -1 186 334 729 143 877 478 567 588 262 763 468 777 101 -1
712 788 -1 137 659 -1 635 694 716 306 258 715 -1 126 25 606 863 895 619 342 -1 537 425 792 -1 776 34 -1 320 428 431 606 349 537 729 809 164 668 -1 791 383 -1 491 755 998 520 850 105 661 662
11 242 762 383 314 97 612 825 703 914 861 -1 475 -1 109 911 823 297 26 716 639 634 734 872 21 455 207 714 103 909 -1 4 -1 -1 893 171 118 706 136 462 -1 281 787 705 700 95 940 833 676 575
731 751 336 734 788 -1 994 375 726 372 643 8 723 108 718 981 920 947 500 7 741 776 272 463 338 550 403 451 17 302 -1 796 225 -1 322 -1 418 359 798 -1 799 -1 85 892 652 -1 901 454 435 461
994 250 852 -1 954 424 -1 968 351 365 473 851 336 -1 718 60 911 271 911 356 96 584 423 630 957 135 -1 39 374 963 180 -1 -1 582 -1 927 -1 302 292 238 -1 166 541 523 405 635 40 486 870 114
280 803 643 400 461 134 -1 556 285 422 -1 324 635 934 466 -1 199 675 708 595 27 798 102 627 868 47 34 539 944 339 227 18 -1 -1 711 254 650 -1 758 944 802 421 277 401 738 859 -1 870 57 749
967 393 100 38 4 124 947 377 630 858 2 330 362 650 861 303 703 -1 234 578 234 393 599 862 212 174 -1 722 611 893 314 81 604 559 693 355 968 859 -1 -1 164 320 859 616 346 -1 574 760 -1 22
186 32 734 410 278 -1 712 -1 619 288 388 264 -1 154 913 489 64 980 613 -1 679 516 377 828 687 393 727 947 629 677 -1 233 492 740 831 963 647 243 732 151 -1 668 667 881 15 631 144 823 -1 863
936 123 342 447 684 774 732 168 506 916 51 602 512 209 952 996 832 455 583 943 337 222 1 811 -1 787 937 256 107 491 545 276 -1 886 -1 785 -1 227 970 442 435 118 539 755 -1 -1 574 932 644 -1
568 285 -1 534 -1 757 487 -1 77 433 -1 657 637 197 689 534 151 25 -1 11 480 240 928 215 500 71 630 593 731 688 959 -1 239 857 154 241 794 186 968 923 588 138 167 495 -1 74 331 369 957 250
-1 672 315 40 381 176 391 382 432 970 185 956 351 98 932 771 910 740 -1 379 116 388 973 161 286 319 175 916 48 336 655 990 310 -1 715 697 203 450 278 637 27 729 109 161 725 337 789 -1 -1 367
704 930 -1 682 189 660 716 625 165 -1 295 408 330 323 292 483 795 269 817 -1 614 663 874 138 432 -1 330 590 868 540 645 603 727 -1 -1 358 641 766 53 135 80 685 78 3 -1 215 683 749 517 310
-1 -1 377 619 19 644 646 699 -1 426 368 470 502 233 360 962 437 -1 966 879 23 827 458 337 919 82 399 -1 -1 -1 528 -1 973 448 354 614 197 -1 999 273 -1 828 226 329 605 13 646 863 -1 264
505 -1 692 178 540 -1 65 578 99 486 855 551 624 27 386 42 728 328 373 580 216 198 182 128 397 17 280 492 227 -1 957 147 895 352 708 206 856 677 189 742 256 57 697 563 261 997 -1 77 -1 -1
371 877 869 234 888 906 180 265 680 906 674 32 -1 234 597 730 914 332 703 127 810 723 963 82 315 600 967 437 974 929 -1 847 263 989 131 996 198 -1 74 -1 666 267 749 649 389 935 251 646 133 592
856 256 167 431 394 285 82 165 838 -1 889 884 394 -1 303 554 523 454 67 337 945 567 -1 103 643 634 551 -1 265 253 930 -1 267 654 245 424 40 179 381 2 960 724 639 612 793 135 261 157 735 946
163 -1 224 733 198 949 471 -1 -1 727 -1 92 -1 439 232 782 698 441 71 477 252 986 804 -1 840 942 963 460 390 87 881 842 255 446 187 330 231 206 691 -1 656 560 145 990 366 700 581 688 -1 -1
592 305 13 129 -1 345 246 406 251 970 136 672 123 729 308 680 687 -1 602 891 214 769 -1 977 156 401 38 967 451 -1 -1 84 -1 744 550 526 408 42 285 100 390 520 20 149 91 142 781 311 961 302
-1 186 -1 909 355 203 722 947 611 504 516 129 949 604 146 791 841 545 919 947 191 -1 609 504 59 630 313 909 -1 -1 -1 194 274 161 237 340 415 359 661 645 614 428 801 930 588 471 417 782 -1 700
219 890 -1 216 994 475 838 620 712 719 573 99 -1 979 360 740 -1 -1 483 221 -1 244 909 128 -1 -1 366 430 3 520 637 8 -1 848 183 363 323 562 887 161 961 882 493 464 630 257 521 312 198 813
218 198 34 926 523 650 716 415 707 700 570 357 874 497 379 -1 -1 784 411 826 320 155 445 195 746 -1 215 374 721 566 543 549 817 403 339 585 28 960 765 734 711 859 655 100 485 941 852 655 863 810
475 359 943 -1 170 82 128 247 194 944 243 632 963 191 776 991 736 854 699 854 -1 84 750 441 257 762 960 747 906 -1 -1 609 156 635 -1 423 911 27 110 271 887 348 266 491 -1 -1 295 475 917 -1
-1 958 721 263 407 556 845 71 172 41 395 89 80 40 55 369 522 81 -1 602 103 992 179 -1 376 -1 114 917 996 -1 171 457 214 -1 260 73 568 -1 927 41 146 880 -1 307 773 758 711 503 267 560
479 348 748 535 -1 724 298 46 555 577 -1 318 -1 -1 898 925 968 514 -1 419 938 568 824 515 167 763 181 873 218 475 638 481 285 550 716 237 128 816 937 -1 -1 372 339 -1 721 639 -1 297 817 119
921 301 698 477 602 -1 153 772 832 560 486 864 -1 -1 676 -1 152 323 -1 28 730 261 -1 -1 269 -1 -1 468 340 -1 324 899 729 84 193 703 -1 951 177 407 887 727 397 741 562 247 788 320 -1 603
480 608 -1 832 96 650 781 -1 -1 749 89 646 457 904 857 224 946 -1 355 568 824 92 896 279 -1 138 12 514 841 796 978 579 775 491 815 420 633 719 -1 -1 580 883 455 -1 -1 961 508 755 81 712
961 801 765 868 805 -1 893 797 845 -1 48 757 479 604 632 -1 -1 258 -1 200 496 -1 987 -1 952 213 -1 486 689 706 153 521 620 511 -1 872 589 -1 718 103 901 584 16 548 699 40 360 263 -1 -1
492 611 798 889 455 471 12 -1 91 531 179 900 10 513 736 900 892 23 710 843 -1 629 478 425 841 -1 997 514 854 361 -1 -1 272 -1 677 864 -1 511 816 758 828 613 241 912 110 158 315 -1 631 550
890 924 560 976 -1 706 -1 457 396 -1 726 241 517 602 -1 433 804 85 621 44 274 689 907 263 -1 455 197 619 406 882 305 -1 528 770 994 180 588 441 519 900 814 802 7 145 305 374 641 34 176 253
44 708 -1 39 991 776 65 258 287 983 483 100 895 594 644 977 26 145 864 188 914 124 245 903 283 -1 406 246 398 -1 124 291 140 209 999 25 554 118 949 542 898 226 339 768 123 348 643 220 389 213
918 498 -1 858 617 845 729 519 365 229 527 758 666 726 894 697 607 372 -1 -1 408 930 900 67 654 -1 832 934 32 -1 204 5 138 -1 533 690 -1 367 336 900 -1 536 27 392 -1 115 116 181 762 410
-1 615 900 376 766 -1 -1 192 254 -1 602 -1 -1 8 754 309 -1 -1 -1 32 170 380 764 978 762 975 181 144 157 -1 623 549 -1 469 508 842 -1 -1 990 548 75 270 350 801 208 -1 903 949 518 856
296 617 40 548 341 514 159 548 187 568 -1 652 592 887 -1 631 -1 737 816 734 217 -1 449 980 399 184 200 82 295 537 955 871 678 239 -1 347 560 679 59 957 -1 232 108 714 488 -1 -1 433 905 766
980 706 -1 171 -1 435 355 695 125 110 840 75 447 181 556 -1 866 717 668 293 766 -1 122 -1 552 728 469 75 38 188 422 -1 610 361 -1 405 -1 745 239 -1 -1 806 457 718 -1 7 114 402 -1 547
734 481 -1 399 700 809 684 102 534 661 -1 424 132 867 904 525 958 -1 857 700 99 602 470 917 977 929 294 490 867 461 993 175 386 214 986 65 888 -1 112 639 438 786 156 946 -1 443 931 538 965 873
